0 5.4 8.8
2e-05 5.4 8.8
4e-05 -6.2 -5.2
6e-05 -6.2 -5.2
8e-05 -6.4 -5
0.0001 -6.2 -5.2
0.00012 -6.4 -5.2
0.00014 -6.6 -5.2
0.00016 -6.4 -5.2
0.00018 -6.4 -5.2
0.0002 -6.6 -5.2
0.00022 -6.6 -5.4
0.00024 -6.6 -5.4
0.00026 -6.8 -5.4
0.00028 -6.8 -5.4
0.0003 -6.8 -5.4
0.00032 -6.8 -5.4
0.00034 -7 -5.6
0.00036 -7 -5.6
0.00038 -7.2 -5.4
0.0004 -7.2 -5.6
0.00042 -7.2 -5.6
0.00044 -7.2 -5.8
0.00046 -7.4 -5.6
0.00048 -7.2 -5.6
0.0005 -7.4 -5.6
0.00052 -7.4 -5.6
0.00054 -7.4 -5.6
0.00056 -7.4 -5.6
0.00058 -7.4 -5.6
0.0006 -7.6 -6
0.00062 -7.8 -5.8
0.00064 -7.8 -5.8
0.00066 -7.8 -6
0.00068 -8 -6
0.0007 -7.8 -6
0.00072 -8 -5.8
0.00074 -8.2 -6
0.00076 -8 -6
0.00078 -8.2 -6
0.0008 -8.2 -6
0.00082 -8.2 -6
0.00084 -8.2 -6
0.00086 -8.2 -6
0.00088 -8.6 -6.2
0.0009 -8.4 -6.2
0.00092 -8.4 -6.2
0.00094 -8.6 -6.2
0.00096 -8.6 -6.2
0.00098 -8.6 -6.4
0.001 -8.8 -6.2
0.00102 -8.8 -6.4
0.00104 -8.8 -6.2
0.00106 -8.8 -6.4
0.00108 -9 -6.4
0.0011 -9 -6.4
0.00112 -9 -6.2
0.00114 -9 -6.4
0.00116 -9 -6.6
0.00118 -9.4 -6.4
0.0012 -9.2 -6.6
0.00122 -9 -6.4
0.00124 -9 -6.4
0.00126 -8.8 -6.4
0.00128 -9 -6.4
0.0013 -8.8 -6.4
0.00132 -8.8 -6.4
0.00134 -8.8 -6.2
0.00136 -8.6 -6.4
0.00138 -8.8 -6.2
0.0014 -8.6 -6
0.00142 -8.6 -6
0.00144 -8.4 -6.4
0.00146 -8.4 -6
0.00148 -8.4 -6.2
0.0015 -8.2 -6
0.00152 -8.2 -6
0.00154 -8 -6
0.00156 -8.2 -6
0.00158 -8 -6
0.0016 -8 -6
0.00162 -7.8 -6
0.00164 -8 -6
0.00166 -8 -5.8
0.00168 -7.6 -5.8
0.0017 -7.6 -5.8
0.00172 -7.6 -5.8
0.00174 -7.6 -5.8
0.00176 -7.4 -5.8
0.00178 -7.4 -5.6
0.0018 -7.4 -5.6
0.00182 -7.2 -5.6
0.00184 -7.2 -5.6
0.00186 -7.4 -5.6
0.00188 -7.2 -5.6
0.0019 -7.2 -5.6
0.00192 -7 -5.4
0.00194 -7.2 -5.4
0.00196 -6.8 -5.4
0.00198 -6.8 -5.2
0.002 -7 -5.4
0.00202 -6.8 -5.4
0.00204 -6.6 -5.2
0.00206 -6.8 -5.4
0.00208 -6.6 -5.2
0.0021 -6.6 -5.2
0.00212 -6.6 -5.2
0.00214 -6.4 -5
0.00216 -6.4 -5.2
0.00218 -6.2 -5
0.0022 -6.4 -5.2
0.00222 -6.2 -5
0.00224 -6.2 -4.8
0.00226 -6.2 -4.8
0.00228 -6 -4.8
0.0023 -6.2 -4.8
0.00232 -6 -4.8
0.00234 -6 -4.6
0.00236 -5.8 -4.6
0.00238 -5.8 -4.6
0.0024 -5.8 -4.4
0.00242 -5.6 -4.4
0.00244 -5.6 -4.2
0.00246 -5.6 -4.2
0.00248 -5.4 -4.2
0.0025 -5.2 -4
0.00252 -5.4 -4
0.00254 -5.4 -4
0.00256 -5.2 -3.8
0.00258 -5.2 -3.8
0.0026 -5 -3.8
0.00262 -5 -3.6
0.00264 -5 -3.4
0.00266 -5 -3.6
0.00268 -5 -3.4
0.0027 -4.8 -3.2
0.00272 -4.8 -3.2
0.00274 -4.6 -3.2
0.00276 -4.6 -3
0.00278 -4.6 -3
0.0028 -4.6 -2.8
0.00282 -4.2 -2.8
0.00284 -4.2 -2.6
0.00286 -4.4 -2.8
0.00288 -4.2 -2.8
0.0029 -4.2 -2.4
0.00292 -4 -2.4
0.00294 -4 -2.4
0.00296 -4 -2.4
0.00298 -4 -2.2
0.003 -3.8 -2.2
0.00302 -3.8 -2
0.00304 -3.8 -1.8
0.00306 -3.6 -2
0.00308 -3.6 -1.8
0.0031 -3.4 -1.6
0.00312 -3.6 -1.6
0.00314 -3.4 -1.6
0.00316 -3.4 -1.4
0.00318 -3.2 -1.4
0.0032 -3.2 -1.2
0.00322 -3 -1.2
0.00324 -3 -1.2
0.00326 -3 -0.8
0.00328 -3 -0.8
0.0033 -2.8 -0.8
0.00332 -2.8 -0.8
0.00334 -2.8 -0.8
0.00336 -2.6 -0.8
0.00338 -2.6 -0.4
0.0034 -2.8 -0.4
0.00342 -2.6 -0.6
0.00344 -2.4 -0.4
0.00346 -2.6 -0.4
0.00348 -2.4 0.2
0.0035 -2.4 0.2
0.00352 -2.2 0.2
0.00354 -2.2 0.2
0.00356 -2 0.2
0.00358 -2 0.4
0.0036 -1.8 0.6
0.00362 -2 0.6
0.00364 -1.8 0.6
0.00366 -1.8 1
0.00368 -1.8 1
0.0037 -1.6 1
0.00372 -1.6 1.2
0.00374 -1.6 1.4
0.00376 -1.6 1.4
0.00378 -1.4 1.6
0.0038 -1.4 1.4
0.00382 -1.2 1.8
0.00384 -1.2 1.8
0.00386 -1 2
0.00388 -1.2 2.2
0.0039 -1 2.2
0.00392 -0.8 2.2
0.00394 -0.8 2.4
0.00396 -0.8 2.6
0.00398 -0.8 2.6
0.004 -0.6 2.8
0.00402 -0.6 2.8
0.00404 -0.4 3
0.00406 -0.6 3
0.00408 -0.4 3
0.0041 -0.4 3
0.00412 0 3.2
0.00414 0 3.4
0.00416 0 3.4
0.00418 0 3.4
0.0042 0.2 3.6
0.00422 0.2 3.8
0.00424 0.4 3.8
0.00426 0.2 3.8
0.00428 0.4 3.8
0.0043 0.4 3.8
0.00432 0.6 4.2
0.00434 0.6 4.2
0.00436 0.6 4.2
0.00438 0.8 4.4
0.0044 0.8 4.4
0.00442 0.8 4.6
0.00444 0.8 4.8
0.00446 1 4.8
0.00448 1 4.8
0.0045 1 5
0.00452 1.2 5
0.00454 1 5
0.00456 1.2 5
0.00458 1.4 5.2
0.0046 1.4 5.2
0.00462 1.6 5.4
0.00464 1.6 5.4
0.00466 1.8 5.6
0.00468 1.6 5.6
0.0047 1.6 5.6
0.00472 1.8 5.8
0.00474 1.8 6
0.00476 2 5.8
0.00478 2 6
0.0048 1.8 6
0.00482 2 6.2
0.00484 2.2 6.2
0.00486 2.2 6.2
0.00488 2.4 6.4
0.0049 2.4 6.4
0.00492 2.4 6.4
0.00494 2.6 6.4
0.00496 2.4 6.8
0.00498 2.6 6.8
0.005 2.6 6.8
0.00502 2.8 6.8
0.00504 2.8 7
0.00506 2.8 7
0.00508 3 7.2
0.0051 3 7.2
0.00512 3 7.4
0.00514 3 7.4
0.00516 3.2 7.4
0.00518 3.2 7.6
0.0052 3.2 7.6
0.00522 3.4 7.6
0.00524 3.2 7.6
0.00526 3.4 8
0.00528 3.4 8
0.0053 3.4 7.8
0.00532 3.4 8
0.00534 3.6 8.2
0.00536 3.8 8.2
0.00538 3.8 8.4
0.0054 3.8 8.2
0.00542 4 8.4
0.00544 4 8.4
0.00546 4 8.4
0.00548 4 8.4
0.0055 4.2 8.4
0.00552 4.2 8.2
0.00554 4.2 8.6
0.00556 4.2 8.4
0.00558 4.4 8.6
0.0056 4.4 8.4
0.00562 4.4 8.4
0.00564 4.4 8.6
0.00566 4.4 8.6
0.00568 4.6 8.6
0.0057 4.6 8.6
0.00572 4.6 8.6
0.00574 4.8 8.6
0.00576 4.8 8.8
0.00578 4.8 8.6
0.0058 5 8.6
0.00582 5 8.6
0.00584 4.8 9
0.00586 5.2 8.8
0.00588 5.2 8.8
0.0059 5.2 9
0.00592 5.2 9
0.00594 5.2 9
0.00596 5.4 9
0.00598 5.2 9
0.006 5.6 9
0.00602 5.6 9
0.00604 5.6 9
0.00606 5.6 9
0.00608 5.6 9
0.0061 5.6 9
0.00612 5.6 9.2
0.00614 5.8 9.2
0.00616 5.8 9.2
0.00618 6 9.2
0.0062 5.8 9.4
0.00622 6 9.2
0.00624 6 9.2
0.00626 6 9.2
0.00628 6 9.2
0.0063 6.2 9.4
0.00632 6.2 9.2
0.00634 6.4 9.4
0.00636 6.2 9.4
0.00638 6.4 9.4
0.0064 6.4 9.4
0.00642 6.4 9.4
0.00644 6.4 9.4
0.00646 6.4 9.4
0.00648 6.4 9.4
0.0065 6.4 9.4
0.00652 6.2 9.4
0.00654 6.2 9.2
0.00656 6 9.2
0.00658 6 9.2
0.0066 6 9.2
0.00662 5.8 9.2
0.00664 5.8 9.2
0.00666 5.8 9.2
0.00668 5.8 9.2
0.0067 5.8 9.2
0.00672 5.8 9.2
0.00674 5.6 9
0.00676 5.6 9
0.00678 5.6 9
0.0068 5.6 9
0.00682 5.4 8.8
0.00684 5.2 8.8
0.00686 5.2 9
0.00688 5.2 9
0.0069 5.2 8.8
0.00692 5 8.6
0.00694 5 8.6
0.00696 5 8.6
0.00698 5 8.8
0.007 4.8 8.6
0.00702 4.8 8.6
0.00704 4.8 8.6
0.00706 4.6 8.6
0.00708 4.6 8.6
0.0071 4.6 8.6
0.00712 4.6 8.4
0.00714 4.4 8.4
0.00716 4.4 8.4
0.00718 4.4 8.4
0.0072 4.2 8.4
0.00722 4.2 8.4
0.00724 4.2 8.4
0.00726 4.2 8.2
0.00728 4.2 8.2
0.0073 4 8.2
0.00732 4 8.2
0.00734 3.8 8.2
0.00736 4 8.2
0.00738 3.8 8.2
0.0074 3.8 8.2
0.00742 3.6 8
0.00744 3.8 8
0.00746 3.6 8.2
0.00748 3.6 8
0.0075 3.6 7.8
0.00752 3.4 7.6
0.00754 3.4 7.8
0.00756 3.2 7.6
0.00758 3.2 7.6
0.0076 3 7.4
0.00762 3 7.4
0.00764 3 7.4
0.00766 3 7.2
0.00768 2.8 7
0.0077 2.8 7.2
0.00772 2.8 7
0.00774 2.8 7
0.00776 2.6 6.8
0.00778 2.4 6.8
0.0078 2.6 6.6
0.00782 2.4 6.6
0.00784 2.4 6.4
0.00786 2.4 6.4
0.00788 2.4 6.2
0.0079 2.4 6.4
0.00792 2 6.2
0.00794 2 6.2
0.00796 2 6
0.00798 1.8 6.2
0.008 1.8 5.8
0.00802 1.8 5.6
0.00804 1.6 5.8
0.00806 1.6 5.4
0.00808 1.6 5.4
0.0081 1.6 5.4
0.00812 1.4 5.4
0.00814 1.4 5.2
0.00816 1.4 5
0.00818 1.4 5
0.0082 1.2 5
0.00822 1.2 5
0.00824 1.2 5
0.00826 1 4.8
0.00828 1 4.8
0.0083 1 4.6
0.00832 0.8 4.4
0.00834 0.8 4.4
0.00836 0.8 4.4
0.00838 0.6 4.2
0.0084 0.6 4.4
0.00842 0.4 4.2
0.00844 0.6 4
0.00846 0.4 4
0.00848 0.4 3.8
0.0085 0.2 3.6
0.00852 0.2 3.6
0.00854 0.2 3.6
0.00856 0.2 3.4
0.00858 0 3.6
0.0086 0 3.2
0.00862 0 3.2
0.00864 -0.4 3.2
0.00866 -0.4 3
0.00868 -0.4 3
0.0087 -0.6 3
0.00872 -0.4 2.8
0.00874 -0.6 2.6
0.00876 -0.8 2.8
0.00878 -0.8 2.6
0.0088 -1 2.4
0.00882 -1 2.4
0.00884 -1 2.4
0.00886 -1 2.4
0.00888 -1 2.2
0.0089 -1 1.8
0.00892 -1.2 1.8
0.00894 -1.4 1.8
0.00896 -1.4 1.6
0.00898 -1.4 1.4
0.009 -1.4 1.4
0.00902 -1.6 1.2
0.00904 -1.6 1.2
0.00906 -1.8 1
0.00908 -2 1
0.0091 -2 0.8
0.00912 -1.8 0.6
0.00914 -2 0.6
0.00916 -2.2 0.6
0.00918 -2.2 0.6
0.0092 -2.2 0.2
0.00922 -2.4 0.2
0.00924 -2.4 0
0.00926 -2.4 0
0.00928 -2.4 -0.4
0.0093 -2.6 -0.4
0.00932 -2.6 -0.6
0.00934 -2.6 -0.4
0.00936 -2.8 -0.6
0.00938 -2.6 -0.6
0.0094 -2.8 -0.8
0.00942 -2.8 -0.6
0.00944 -2.8 -0.8
0.00946 -3 -1
0.00948 -3 -1
0.0095 -3 -1.2
0.00952 -3.2 -1.2
0.00954 -3.2 -1.4
0.00956 -3.4 -1.4
0.00958 -3.4 -1.6
0.0096 -3.4 -1.6
0.00962 -3.4 -1.6
0.00964 -3.6 -1.8
0.00966 -3.6 -1.8
0.00968 -3.6 -2
0.0097 -3.8 -2
0.00972 -3.8 -2
0.00974 -3.8 -2.2
0.00976 -3.8 -2.4
0.00978 -3.8 -2.4
0.0098 -4 -2.2
0.00982 -4.2 -2.4
0.00984 -4.2 -2.4
0.00986 -4.2 -2.6
0.00988 -4.2 -2.6
0.0099 -4.6 -2.8
0.00992 -4.6 -2.8
0.00994 -4.4 -2.8
0.00996 -4.4 -2.8
0.00998 -4.6 -3
0.01 -4.6 -3.2
0.01002 -4.8 -3.2
0.01004 -4.8 -3.4
0.01006 -5 -3.6
0.01008 -5 -3.6
0.0101 -5 -3.4
0.01012 -5 -3.6
0.01014 -5 -3.6
0.01016 -5.2 -3.8
0.01018 -5 -3.8
0.0102 -5.4 -4
0.01022 -5.4 -4
0.01024 -5.4 -4.2
0.01026 -5.4 -4.2
0.01028 -5.6 -4.4
0.0103 -5.6 -4.4
0.01032 -5.8 -4.4
0.01034 -5.8 -4.4
0.01036 -5.8 -4.6
0.01038 -5.8 -4.4
0.0104 -5.8 -4.8
0.01042 -6 -4.8
0.01044 -6 -4.8
0.01046 -6.2 -4.8
0.01048 -6.2 -5.2
0.0105 -6.2 -5.2
0.01052 -6.2 -5.2
0.01054 -6.2 -5.2
0.01056 -6.4 -5.2
0.01058 -6.6 -5.2
0.0106 -6.4 -5.2
0.01062 -6.6 -5.4
0.01064 -6.6 -5.2
0.01066 -6.6 -5.4
0.01068 -6.6 -5.2
0.0107 -6.8 -5.4
0.01072 -6.6 -5.4
0.01074 -6.8 -5.6
0.01076 -6.8 -5.6
0.01078 -7 -5.6
0.0108 -7 -5.6
0.01082 -7 -5.6
0.01084 -7.2 -5.4
0.01086 -7 -5.6
0.01088 -7.2 -5.8
0.0109 -7.2 -5.6
0.01092 -7.2 -5.6
0.01094 -7.4 -5.6
0.01096 -7.4 -5.6
0.01098 -7.4 -6
0.011 -7.4 -6
0.01102 -7.6 -5.6
0.01104 -7.6 -5.8
0.01106 -7.6 -5.8
0.01108 -7.6 -6
0.0111 -7.8 -6
0.01112 -7.8 -5.8
0.01114 -8 -6
0.01116 -8 -6
0.01118 -8 -6
0.0112 -8 -6
0.01122 -8 -6
0.01124 -8.2 -6
0.01126 -8.2 -6.2
0.01128 -8.2 -6.2
0.0113 -8.4 -6
0.01132 -8.2 -6
0.01134 -8.4 -6.2
0.01136 -8.4 -6.2
0.01138 -8.4 -6.2
0.0114 -8.6 -6.4
0.01142 -8.8 -6.2
0.01144 -8.6 -6.4
0.01146 -8.6 -6.4
0.01148 -8.8 -6.4
0.0115 -8.8 -6.4
0.01152 -8.8 -6.4
0.01154 -9 -6.4
0.01156 -9 -6.6
0.01158 -9 -6.4
0.0116 -9 -6.4
0.01162 -9 -6.4
0.01164 -9 -6.4
0.01166 -9 -6.4
0.01168 -9.2 -6.4
0.0117 -9 -6.4
0.01172 -9 -6.4
0.01174 -9 -6.4
0.01176 -8.8 -6.4
0.01178 -8.8 -6.2
0.0118 -8.8 -6.4
0.01182 -8.6 -6.4
0.01184 -8.6 -6.4
0.01186 -8.6 -6
0.01188 -8.6 -6.2
0.0119 -8.4 -6.2
0.01192 -8.4 -6.2
0.01194 -8.2 -6
0.01196 -8.2 -6
0.01198 -8.2 -6.2
0.012 -8.2 -6
0.01202 -8.2 -6
0.01204 -8 -6
0.01206 -8 -6
0.01208 -8 -6
0.0121 -8 -6
0.01212 -7.8 -6
0.01214 -7.6 -5.8
0.01216 -7.6 -5.8
0.01218 -7.6 -5.8
0.0122 -7.4 -5.8
0.01222 -7.4 -5.8
0.01224 -7.4 -5.8
0.01226 -7.4 -5.6
0.01228 -7.4 -5.6
0.0123 -7.2 -5.6
0.01232 -7.2 -5.6
0.01234 -7.4 -5.6
0.01236 -7.2 -5.6
0.01238 -7 -5.4
0.0124 -7 -5.4
0.01242 -7 -5.4
0.01244 -7 -5.4
0.01246 -6.8 -5.4
0.01248 -6.8 -5.4
0.0125 -6.8 -5.4
0.01252 -6.6 -5.2
0.01254 -6.6 -5.2
0.01256 -6.6 -5.2
0.01258 -6.6 -5.2
0.0126 -6.6 -5
0.01262 -6.4 -5
0.01264 -6.2 -5
0.01266 -6.2 -5
0.01268 -6.2 -5
0.0127 -6.2 -5
0.01272 -6 -4.8
0.01274 -6 -4.8
0.01276 -6.2 -4.8
0.01278 -5.8 -4.8
0.0128 -5.8 -4.8
0.01282 -5.8 -4.6
0.01284 -5.8 -4.4
0.01286 -5.8 -4.6
0.01288 -5.6 -4.4
0.0129 -5.8 -4.4
0.01292 -5.4 -4.2
0.01294 -5.4 -4.2
0.01296 -5.2 -4.2
0.01298 -5.4 -4
0.013 -5.2 -3.8
0.01302 -5.2 -3.8
0.01304 -5 -3.8
0.01306 -5 -3.8
0.01308 -5 -3.6
0.0131 -5 -3.6
0.01312 -5 -3.4
0.01314 -4.8 -3.6
0.01316 -4.8 -3.2
0.01318 -4.6 -3
0.0132 -4.8 -3.2
0.01322 -4.8 -3
0.01324 -4.6 -3.2
0.01326 -4.4 -3
0.01328 -4.2 -2.8
0.0133 -4.2 -2.8
0.01332 -4.2 -2.8
0.01334 -4.2 -2.6
0.01336 -4.2 -2.4
0.01338 -4 -2.4
0.0134 -3.8 -2.2
0.01342 -4 -2.2
0.01344 -3.8 -2.2
0.01346 -3.6 -2
0.01348 -3.8 -2
0.0135 -3.8 -2
0.01352 -3.6 -2
0.01354 -3.8 -1.6
0.01356 -3.6 -1.8
0.01358 -3.4 -1.4
0.0136 -3.4 -1.4
0.01362 -3.4 -1.4
0.01364 -3.2 -1.2
0.01366 -3.2 -1.2
0.01368 -3 -1
0.0137 -3 -1.2
0.01372 -3 -1
0.01374 -3 -1
0.01376 -2.8 -0.8
0.01378 -2.8 -0.8
0.0138 -2.6 -0.8
0.01382 -2.6 -0.6
0.01384 -2.6 -0.4
0.01386 -2.6 -0.4
0.01388 -2.6 -0.4
0.0139 -2.4 -0.4
0.01392 -2.4 0
0.01394 -2.4 0
0.01396 -2.2 0
0.01398 -2.2 0
0.014 -2.2 0.2
0.01402 -2 0.4
0.01404 -2 0.4
0.01406 -2 0.6
0.01408 -1.8 0.6
0.0141 -1.8 0.8
0.01412 -1.8 1
0.01414 -1.8 1
0.01416 -1.8 1
0.01418 -1.6 1.2
0.0142 -1.4 1.2
0.01422 -1.4 1.4
0.01424 -1.2 1.4
0.01426 -1.4 1.6
0.01428 -1.2 1.6
0.0143 -1 1.8
0.01432 -1 2
0.01434 -1 2.2
0.01436 -0.8 2.2
0.01438 -0.8 2.2
0.0144 -0.8 2.4
0.01442 -0.8 2.6
0.01444 -0.8 2.6
0.01446 -0.6 2.8
0.01448 -0.6 2.8
0.0145 -0.6 2.8
0.01452 -0.4 3
0.01454 -0.4 3
0.01456 0 3
0.01458 0 3.2
0.0146 0 3.4
0.01462 0 3.6
0.01464 0.2 3.6
0.01466 0 3.6
0.01468 0.2 3.8
0.0147 0.2 3.8
0.01472 0.4 3.8
0.01474 0.4 3.8
0.01476 0.6 4
0.01478 0.6 4
0.0148 0.6 4.2
0.01482 0.8 4.4
0.01484 0.8 4.2
0.01486 0.8 4.4
0.01488 0.8 4.6
0.0149 1 4.6
0.01492 1 4.6
0.01494 1 4.6
0.01496 1.2 4.8
0.01498 1.2 5
0.015 1.2 5
0.01502 1.4 5
0.01504 1.4 5.2
0.01506 1.4 5.2
0.01508 1.6 5.4
0.0151 1.6 5.6
0.01512 1.6 5.6
0.01514 1.6 5.6
0.01516 1.8 5.6
0.01518 1.6 5.8
0.0152 1.8 5.8
0.01522 2 5.8
0.01524 2 6
0.01526 2 6
0.01528 2 6.2
0.0153 2 6.2
0.01532 2.4 6.2
0.01534 2.2 6.4
0.01536 2.4 6.6
0.01538 2.4 6.6
0.0154 2.4 6.6
0.01542 2.4 6.6
0.01544 2.8 7
0.01546 2.8 6.8
0.01548 2.8 7
0.0155 2.8 6.8
0.01552 3 7
0.01554 2.8 7.2
0.01556 3 7.2
0.01558 3 7.4
0.0156 3.2 7.4
0.01562 3.2 7.4
0.01564 3.2 7.4
0.01566 3.2 7.8
0.01568 3.4 7.6
0.0157 3.4 7.8
0.01572 3.4 7.8
0.01574 3.6 8
0.01576 3.6 8
0.01578 3.6 8.2
0.0158 3.6 8.2
0.01582 3.8 8.4
0.01584 3.8 8.4
0.01586 4 8.4
0.01588 4 8.2
0.0159 4 8.4
0.01592 4 8.4
0.01594 4 8.4
0.01596 4 8.4
0.01598 4.2 8.6
0.016 4.2 8.6
0.01602 4.2 8.6
0.01604 4.2 8.6
0.01606 4.4 8.6
0.01608 4.4 8.6
0.0161 4.4 8.6
0.01612 4.6 8.8
0.01614 4.6 8.6
0.01616 4.8 8.6
0.01618 4.6 8.6
0.0162 4.6 8.6
0.01622 4.8 8.8
0.01624 4.8 8.8
0.01626 4.8 8.6
0.01628 5 8.8
0.0163 5 9
0.01632 5.2 8.8
0.01634 5 8.8
0.01636 5 8.6
0.01638 5.2 9
0.0164 5.2 9
0.01642 5.2 9
0.01644 5.4 8.8
0.01646 5.6 9
0.01648 5.6 9
0.0165 5.6 9.2
0.01652 5.6 9
0.01654 5.6 9
0.01656 5.6 9
0.01658 5.6 9.2
0.0166 5.8 9.2
0.01662 5.8 9.2
0.01664 6 9.2
0.01666 6 9.4
0.01668 6 9.2
0.0167 6 9.2
0.01672 6 9.2
0.01674 6.2 9
0.01676 6.2 9.2
0.01678 6.2 9.4
0.0168 6.2 9.4
0.01682 6.4 9.4
0.01684 6.4 9.4
0.01686 6.4 9.4
0.01688 6.4 9.4
0.0169 6.4 9.4
0.01692 6.4 9.4
0.01694 6.4 9.2
0.01696 6.2 9.4
0.01698 6.4 9.2
0.017 6.2 9.2
0.01702 6 9.2
0.01704 6 9.2
0.01706 6 9.2
0.01708 5.8 9.2
0.0171 6 9
0.01712 5.8 9.2
0.01714 5.8 9.2
0.01716 5.6 9
0.01718 5.6 9
0.0172 5.6 9
0.01722 5.6 9
0.01724 5.4 9
0.01726 5.4 8.8
0.01728 5.4 8.8
0.0173 5.4 8.8
0.01732 5.4 8.8
0.01734 5.2 9
0.01736 5.2 9
0.01738 5 8.6
0.0174 5 8.6
0.01742 5 8.6
0.01744 5 8.6
0.01746 4.8 8.6
0.01748 4.8 8.6
0.0175 4.8 8.6
0.01752 4.8 8.6
0.01754 4.8 8.6
0.01756 4.8 8.6
0.01758 4.6 8.4
0.0176 4.4 8.6
0.01762 4.4 8.4
0.01764 4.4 8.4
0.01766 4.4 8.2
0.01768 4.4 8.2
0.0177 4.2 8.2
0.01772 4 8.2
0.01774 4 8.2
0.01776 4 8.2
0.01778 4 8.2
0.0178 4 8.2
0.01782 3.8 8.2
0.01784 4 8
0.01786 3.8 8
0.01788 3.6 8.2
0.0179 3.8 8
0.01792 3.6 8
0.01794 3.6 8
0.01796 3.6 7.8
0.01798 3.4 7.8
0.018 3.4 7.6
0.01802 3.4 7.8
0.01804 3.2 7.4
0.01806 3.2 7.4
0.01808 3.2 7.4
0.0181 3 7.4
0.01812 3 7.2
0.01814 3 7.2
0.01816 2.8 7
0.01818 2.8 7
0.0182 2.6 6.8
0.01822 2.6 6.8
0.01824 2.4 6.8
0.01826 2.6 6.6
0.01828 2.4 6.6
0.0183 2.4 6.6
0.01832 2.4 6.4
0.01834 2.4 6.4
0.01836 2.4 6.2
0.01838 2.2 6.2
0.0184 2 6.2
0.01842 2 6
0.01844 1.8 5.8
0.01846 1.8 5.8
0.01848 1.6 5.8
0.0185 1.6 5.6
0.01852 1.8 5.8
0.01854 1.6 5.4
0.01856 1.6 5.4
0.01858 1.6 5.4
0.0186 1.4 5.4
0.01862 1.4 5.2
0.01864 1.4 5.2
0.01866 1.4 5.2
0.01868 1.2 5
0.0187 1 4.8
0.01872 1 4.8
0.01874 1 4.8
0.01876 0.8 4.6
0.01878 0.8 4.6
0.0188 0.8 4.4
0.01882 0.8 4.4
0.01884 0.8 4.2
0.01886 0.6 4.2
0.01888 0.6 4
0.0189 0.4 4
0.01892 0.4 3.8
0.01894 0.4 3.8
0.01896 0.2 3.6
0.01898 0.2 3.6
0.019 0.2 3.8
0.01902 0 3.4
0.01904 0 3.4
0.01906 0 3.4
0.01908 0 3
0.0191 0 3
0.01912 -0.4 3
0.01914 -0.6 3
0.01916 -0.6 2.8
0.01918 -0.6 2.8
0.0192 -0.8 2.8
0.01922 -0.8 2.6
0.01924 -0.8 2.6
0.01926 -0.8 2.4
0.01928 -1 2.4
0.0193 -1 2.2
0.01932 -1 2.2
0.01934 -1 2.2
0.01936 -1.4 2
0.01938 -1.2 1.8
0.0194 -1.2 1.8
0.01942 -1.4 1.8
0.01944 -1.6 1.4
0.01946 -1.6 1.2
0.01948 -1.6 1.2
0.0195 -1.8 1.2
0.01952 -1.8 1.2
0.01954 -1.8 1
0.01956 -2 0.8
0.01958 -2.2 0.6
0.0196 -2 0.6
0.01962 -2.2 0.6
0.01964 -2.2 0.2
0.01966 -2.2 0.2
0.01968 -2.2 0
0.0197 -2.4 0.2
0.01972 -2.4 0
0.01974 -2.6 -0.4
0.01976 -2.6 -0.4
0.01978 -2.6 -0.4
0.0198 -2.6 -0.6
0.01982 -2.6 -0.6
0.01984 -2.6 -0.6
0.01986 -3 -0.8
0.01988 -3 -0.8
0.0199 -3 -1
0.01992 -3 -1
0.01994 -3 -1.2
0.01996 -3 -1.2
0.01998 -3.2 -1.2
0.02 -3.2 -1.2
0.02002 -3.4 -1.4
0.02004 -3.4 -1.6
0.02006 -3.4 -1.4
0.02008 -3.6 -1.6
0.0201 -3.6 -1.8
0.02012 -3.6 -1.8
0.02014 -3.6 -2
0.02016 -3.6 -2
0.02018 -3.8 -2
0.0202 -4 -2.2
0.02022 -4 -2.4
0.02024 -4 -2.4
0.02026 -4 -2.4
0.02028 -4.2 -2.2
0.0203 -4.2 -2.4
0.02032 -4.2 -2.6
0.02034 -4.2 -2.6
0.02036 -4.2 -2.8
0.02038 -4.4 -2.8
0.0204 -4.6 -2.8
0.02042 -4.6 -3.2
0.02044 -4.6 -3
0.02046 -4.8 -3
0.02048 -4.8 -3.2
0.0205 -4.8 -3.4
0.02052 -5 -3.6
0.02054 -5 -3.4
0.02056 -5 -3.4
0.02058 -5 -3.6
0.0206 -5 -3.8
0.02062 -5 -3.8
0.02064 -5.2 -3.8
0.02066 -5.2 -4
0.02068 -5.4 -4
0.0207 -5.4 -4.2
0.02072 -5.4 -4.4
0.02074 -5.6 -4.2
0.02076 -5.6 -4.4
0.02078 -5.6 -4.4
0.0208 -5.8 -4.4
0.02082 -5.8 -4.6
0.02084 -5.8 -4.6
0.02086 -6 -4.6
0.02088 -6 -5
0.0209 -6 -5
0.02092 -6.2 -4.8
0.02094 -6.2 -5.2
0.02096 -6.2 -5.2
0.02098 -6.4 -5
0.021 -6.4 -5.2
0.02102 -6.4 -5.2
0.02104 -6.4 -5
0.02106 -6.4 -5.2
0.02108 -6.6 -5.4
0.0211 -6.6 -5.4
0.02112 -6.6 -5.4
0.02114 -6.6 -5.4
0.02116 -6.6 -5.4
0.02118 -6.8 -5.4
0.0212 -6.8 -5.4
0.02122 -7 -5.4
0.02124 -7 -5.6
0.02126 -7 -5.6
0.02128 -7 -5.6
0.0213 -7 -5.6
0.02132 -7.2 -5.6
0.02134 -7.2 -5.6
0.02136 -7.2 -5.6
0.02138 -7.2 -5.6
0.0214 -7.4 -5.6
0.02142 -7.4 -5.8
0.02144 -7.4 -6
0.02146 -7.4 -5.8
0.02148 -7.4 -5.6
0.0215 -7.6 -5.6
0.02152 -7.8 -6
0.02154 -7.8 -6
0.02156 -7.8 -6
0.02158 -8 -5.8
0.0216 -8 -6
0.02162 -8 -6
0.02164 -8 -6
0.02166 -8 -6.2
0.02168 -8 -6
0.0217 -8.2 -6
0.02172 -8.2 -6
0.02174 -8.2 -6.2
0.02176 -8.2 -6.2
0.02178 -8.4 -6
0.0218 -8.6 -6
0.02182 -8.2 -6.2
0.02184 -8.6 -6.2
0.02186 -8.6 -6.4
0.02188 -8.6 -6.2
0.0219 -8.8 -6.2
0.02192 -8.8 -6.4
0.02194 -9 -6.4
0.02196 -9 -6.4
0.02198 -9 -6.2
0.022 -9 -6.4
0.02202 -9 -6.4
0.02204 -9.2 -6.4
0.02206 -9.2 -6.4
0.02208 -9 -6.4
0.0221 -9 -6.6
0.02212 -9.2 -6.4
0.02214 -9 -6.4
0.02216 -9 -6.4
0.02218 -9 -6.4
0.0222 -9 -6.4
0.02222 -8.8 -6.4
0.02224 -8.6 -6.2
0.02226 -8.8 -6.2
0.02228 -8.8 -6.2
0.0223 -8.6 -6.4
0.02232 -8.6 -6.2
0.02234 -8.4 -6
0.02236 -8.4 -6
0.02238 -8.4 -6.2
0.0224 -8.2 -6
0.02242 -8.2 -6.2
0.02244 -8.2 -6
0.02246 -8.2 -6
0.02248 -8 -6
0.0225 -8 -6
0.02252 -8 -6
0.02254 -8 -5.8
0.02256 -8 -5.8
0.02258 -7.8 -5.8
0.0226 -7.8 -6
0.02262 -7.8 -5.8
0.02264 -7.6 -5.8
0.02266 -7.6 -5.6
0.02268 -7.6 -5.8
0.0227 -7.4 -5.6
0.02272 -7.4 -5.6
0.02274 -7.2 -5.6
0.02276 -7.4 -5.6
0.02278 -7.2 -5.4
0.0228 -7.2 -5.6
0.02282 -7.2 -5.4
0.02284 -7 -5.4
0.02286 -7.2 -5.4
0.02288 -7 -5.4
0.0229 -7 -5.4
0.02292 -6.8 -5.4
0.02294 -6.8 -5.4
0.02296 -6.8 -5.4
0.02298 -6.6 -5.2
0.023 -6.6 -5.2
0.02302 -6.6 -5.2
0.02304 -6.4 -5.2
0.02306 -6.6 -5.2
0.02308 -6.4 -5
0.0231 -6.4 -5.2
0.02312 -6.4 -5
0.02314 -6.4 -5.2
0.02316 -6.2 -4.8
0.02318 -6.2 -4.8
0.0232 -6 -4.6
0.02322 -6 -5
0.02324 -5.8 -4.6
0.02326 -5.8 -4.6
0.02328 -5.8 -4.4
0.0233 -5.8 -4.6
0.02332 -5.6 -4.4
0.02334 -5.8 -4.4
0.02336 -5.6 -4.2
0.02338 -5.6 -4.2
0.0234 -5.4 -4
0.02342 -5.4 -4.2
0.02344 -5.4 -4
0.02346 -5.2 -3.8
0.02348 -5.2 -3.8
0.0235 -5 -3.6
0.02352 -5 -3.6
0.02354 -5 -3.4
0.02356 -4.8 -3.6
0.02358 -4.8 -3.4
0.0236 -4.8 -3.4
0.02362 -4.6 -3.2
0.02364 -4.8 -3.2
0.02366 -4.6 -3
0.02368 -4.6 -3
0.0237 -4.6 -2.8
0.02372 -4.4 -2.8
0.02374 -4.2 -2.6
0.02376 -4.2 -2.6
0.02378 -4.2 -2.6
0.0238 -4 -2.6
0.02382 -4 -2.4
0.02384 -4 -2.2
0.02386 -3.8 -2.2
0.02388 -4 -2.4
0.0239 -3.8 -2.2
0.02392 -3.8 -2
0.02394 -3.8 -2
0.02396 -3.8 -1.6
0.02398 -3.6 -1.8
0.024 -3.4 -1.6
0.02402 -3.4 -1.4
0.02404 -3.4 -1.4
0.02406 -3.2 -1.4
0.02408 -3.4 -1.2
0.0241 -3.2 -1.2
0.02412 -3.2 -1.2
0.02414 -3 -1
0.02416 -3 -1.2
0.02418 -3 -0.8
0.0242 -2.8 -0.8
0.02422 -2.8 -0.8
0.02424 -2.8 -0.6
0.02426 -2.8 -0.6
0.02428 -2.6 -0.6
0.0243 -2.6 -0.6
0.02432 -2.6 -0.4
0.02434 -2.6 -0.4
0.02436 -2.4 -0.4
0.02438 -2.4 0
0.0244 -2.2 0
0.02442 -2.4 0.2
0.02444 -2.2 0.2
0.02446 -2.2 0.2
0.02448 -2.2 0.4
0.0245 -2 0.4
0.02452 -1.8 0.6
0.02454 -1.8 0.8
0.02456 -1.8 0.8
0.02458 -1.8 1
0.0246 -1.8 1
0.02462 -1.6 1.2
0.02464 -1.8 1.2
0.02466 -1.6 1.2
0.02468 -1.6 1.4
0.0247 -1.4 1.6
0.02472 -1.2 1.6
0.02474 -1.2 1.8
0.02476 -1 2.2
0.02478 -1 2
0.0248 -1 2.2
0.02482 -1 2.2
0.02484 -0.8 2.4
0.02486 -0.8 2.6
0.02488 -0.6 2.8
0.0249 -0.6 2.8
0.02492 -0.8 2.8
0.02494 -0.4 2.8
0.02496 -0.6 3
0.02498 -0.4 3
0.025 -0.4 3.2
0.02502 0 3.2
0.02504 0 3.2
0.02506 0 3.4
0.02508 0.2 3.4
0.0251 0.2 3.6
0.02512 0.2 3.6
0.02514 0.4 3.8
0.02516 0.2 3.8
0.02518 0.4 3.8
0.0252 0.4 4
0.02522 0.6 4
0.02524 0.6 4.2
0.02526 0.4 4.4
0.02528 0.8 4.4
0.0253 0.8 4.4
0.02532 0.8 4.4
0.02534 0.8 4.6
0.02536 1.2 4.6
0.02538 1 4.8
0.0254 1 4.8
0.02542 1.2 4.8
0.02544 1.2 5
0.02546 1.2 5
0.02548 1.2 5.2
0.0255 1.4 5.2
0.02552 1.4 5.4
0.02554 1.6 5.4
0.02556 1.6 5.6
0.02558 1.6 5.4
0.0256 1.6 5.6
0.02562 1.8 5.6
0.02564 1.8 5.8
0.02566 1.8 5.8
0.02568 2 6
0.0257 2 6
0.02572 2 6.2
0.02574 2 6.2
0.02576 2.2 6.4
0.02578 2 6.4
0.0258 2.4 6.4
0.02582 2.4 6.6
0.02584 2.4 6.6
0.02586 2.6 6.6
0.02588 2.6 6.6
0.0259 2.6 6.8
0.02592 2.8 6.8
0.02594 2.8 7
0.02596 2.6 7
0.02598 3 7.2
0.026 3 7.2
0.02602 3.2 7.4
0.02604 3.2 7.4
0.02606 3.2 7.4
0.02608 3.2 7.4
0.0261 3.2 7.6
0.02612 3.4 7.6
0.02614 3.4 7.6
0.02616 3.4 7.8
0.02618 3.6 7.8
0.0262 3.6 7.8
0.02622 3.6 8
0.02624 3.6 8.2
0.02626 3.6 8
0.02628 3.8 8.2
0.0263 4 8.2
0.02632 3.8 8.2
0.02634 4 8.4
0.02636 4 8.2
0.02638 4 8.6
0.0264 4 8.6
0.02642 4.2 8.6
0.02644 4.2 8.4
0.02646 4.4 8.6
0.02648 4.4 8.6
0.0265 4.4 8.6
0.02652 4.4 8.6
0.02654 4.4 8.6
0.02656 4.6 8.6
0.02658 4.4 8.6
0.0266 4.8 8.6
0.02662 4.8 8.6
0.02664 4.8 8.6
0.02666 4.8 8.6
0.02668 4.8 8.6
0.0267 4.8 8.6
0.02672 5 8.8
0.02674 5 8.8
0.02676 5 9
0.02678 5.2 9
0.0268 5.2 9
0.02682 5.2 8.8
0.02684 5.4 9
0.02686 5.2 9
0.02688 5.6 9
0.0269 5.4 9
0.02692 5.6 9
0.02694 5.6 9
0.02696 5.6 9
0.02698 5.6 9.2
0.027 5.6 9
0.02702 5.8 9
0.02704 5.8 9.2
0.02706 5.8 9.2
0.02708 6 9.2
0.0271 6 9.2
0.02712 6 9.2
0.02714 6 9.2
0.02716 6 9.4
0.02718 6 9.2
0.0272 6.4 9.4
0.02722 6.2 9.2
0.02724 6.4 9.4
0.02726 6.4 9.4
0.02728 6.4 9.4
0.0273 6.4 9.4
0.02732 6.4 9.4
0.02734 6.4 9.4
0.02736 6.4 9.4
0.02738 6.4 9.4
0.0274 6.4 9.2
0.02742 6.2 9.2
0.02744 6.2 9.4
0.02746 6 9.2
0.02748 6 9.2
0.0275 6.2 9.2
0.02752 6 9.2
0.02754 6 9.2
0.02756 5.8 9
0.02758 5.6 9.2
0.0276 5.8 9
0.02762 5.8 9.2
0.02764 5.6 9
0.02766 5.8 9
0.02768 5.6 9
0.0277 5.4 9
0.02772 5.6 9
0.02774 5.4 9
0.02776 5.4 8.8
0.02778 5.2 9
0.0278 5.4 9
0.02782 5 8.8
0.02784 5.2 8.8
0.02786 5 8.6
0.02788 5 8.6
0.0279 5 8.6
0.02792 4.8 8.8
0.02794 4.8 8.6
0.02796 4.8 8.6
0.02798 4.6 8.6
0.028 4.8 8.6
0.02802 4.6 8.6
0.02804 4.6 8.6
0.02806 4.4 8.6
0.02808 4.4 8.6
0.0281 4.2 8.4
0.02812 4.2 8.2
0.02814 4.2 8.4
0.02816 4.2 8.4
0.02818 4.2 8.2
0.0282 4 8.4
0.02822 4.2 8.2
0.02824 4 8.2
0.02826 3.8 8.2
0.02828 3.8 8.2
0.0283 4 8
0.02832 3.8 8.2
0.02834 3.6 7.8
0.02836 3.8 8
0.02838 3.6 8.2
0.0284 3.6 7.8
0.02842 3.4 7.6
0.02844 3.4 7.6
0.02846 3.2 7.6
0.02848 3.2 7.8
0.0285 3.2 7.6
0.02852 3.2 7.4
0.02854 3 7.4
0.02856 3 7.2
0.02858 3 7.2
0.0286 2.8 7
0.02862 2.8 7
0.02864 2.8 7
0.02866 2.8 7
0.02868 2.6 6.6
0.0287 2.6 6.6
0.02872 2.4 6.6
0.02874 2.4 6.6
0.02876 2.4 6.6
0.02878 2.2 6.4
0.0288 2.2 6.2
0.02882 2 6
0.02884 2.2 6.2
0.02886 2 6
0.02888 2 6
0.0289 1.8 5.8
0.02892 1.6 5.8
0.02894 1.8 5.8
0.02896 1.6 5.6
0.02898 1.6 5.4
0.029 1.6 5.4
0.02902 1.6 5.4
0.02904 1.6 5.2
0.02906 1.4 5.2
0.02908 1.2 5
0.0291 1.2 5
0.02912 1.2 4.8
0.02914 1 5
0.02916 1 4.8
0.02918 1 4.6
0.0292 0.8 4.6
0.02922 0.8 4.6
0.02924 0.8 4.6
0.02926 0.8 4.4
0.02928 0.8 4.2
0.0293 0.6 4.2
0.02932 0.6 4.2
0.02934 0.4 4.2
0.02936 0.4 3.8
0.02938 0.4 3.8
0.0294 0.4 3.6
0.02942 0.2 3.8
0.02944 0.2 3.6
0.02946 0 3.4
0.02948 0 3.4
0.0295 0 3.2
0.02952 0 3.2
0.02954 0 3
0.02956 -0.4 3
0.02958 -0.4 3
0.0296 -0.6 3
0.02962 -0.6 2.8
0.02964 -0.6 2.8
0.02966 -0.8 2.6
0.02968 -0.8 2.6
0.0297 -0.8 2.6
0.02972 -1 2.4
0.02974 -1 2.4
0.02976 -1 2.2
0.02978 -1.2 2.2
0.0298 -1 2
0.02982 -1.2 1.8
0.02984 -1.2 1.8
0.02986 -1.2 1.6
0.02988 -1.4 1.4
0.0299 -1.4 1.4
0.02992 -1.6 1.4
0.02994 -1.6 1.2
0.02996 -1.8 1.2
0.02998 -1.8 1
0.03 -1.8 1
0.03002 -2 0.8
0.03004 -2 0.6
0.03006 -2.2 0.6
0.03008 -2.2 0.4
0.0301 -2.2 0.2
0.03012 -2.2 0.2
0.03014 -2.2 0
0.03016 -2.4 0
0.03018 -2.6 0
0.0302 -2.6 -0.4
0.03022 -2.6 -0.6
0.03024 -2.6 -0.6
0.03026 -2.6 -0.4
0.03028 -2.8 -0.6
0.0303 -2.8 -0.8
0.03032 -3 -0.8
0.03034 -3 -0.8
0.03036 -2.8 -0.8
0.03038 -3.2 -1
0.0304 -3 -1.2
0.03042 -3.2 -1.2
0.03044 -3.4 -1.2
0.03046 -3.2 -1.2
0.03048 -3.4 -1.4
0.0305 -3.4 -1.4
0.03052 -3.6 -1.6
0.03054 -3.4 -1.8
0.03056 -3.4 -1.8
0.03058 -3.6 -1.8
0.0306 -3.6 -2
0.03062 -3.8 -2.2
0.03064 -3.8 -2.2
0.03066 -4 -2.2
0.03068 -4 -2.4
0.0307 -4.2 -2.2
0.03072 -4.2 -2.4
0.03074 -4.2 -2.4
0.03076 -4.2 -2.4
0.03078 -4.2 -2.6
0.0308 -4.4 -2.8
0.03082 -4.6 -2.8
0.03084 -4.6 -3
0.03086 -4.6 -3
0.03088 -4.6 -3
0.0309 -4.6 -3.2
0.03092 -4.8 -3.2
0.03094 -4.8 -3.2
0.03096 -5 -3.4
0.03098 -5 -3.4
0.031 -5 -3.6
0.03102 -5 -3.6
0.03104 -5 -3.6
0.03106 -5.2 -3.8
0.03108 -5.2 -4
0.0311 -5.2 -4
0.03112 -5.4 -4
0.03114 -5.4 -4
0.03116 -5.6 -4.2
0.03118 -5.6 -4.2
0.0312 -5.6 -4.4
0.03122 -5.6 -4.4
0.03124 -5.8 -4.4
0.03126 -5.8 -4.4
0.03128 -5.8 -4.4
0.0313 -5.8 -4.6
0.03132 -5.8 -4.8
0.03134 -6 -4.8
0.03136 -6 -5
0.03138 -6.2 -5
0.0314 -6.2 -5
0.03142 -6.2 -5
0.03144 -6.4 -5.2
0.03146 -6.4 -5.2
0.03148 -6.4 -5.2
0.0315 -6.4 -5.2
0.03152 -6.4 -5.2
0.03154 -6.6 -5.4
0.03156 -6.6 -5.2
0.03158 -6.6 -5.4
0.0316 -6.6 -5.4
0.03162 -6.8 -5.4
0.03164 -6.8 -5.6
0.03166 -7 -5.6
0.03168 -7 -5.6
0.0317 -7 -5.4
0.03172 -7.2 -5.6
0.03174 -7.2 -5.6
0.03176 -7.2 -5.6
0.03178 -7.2 -5.6
0.0318 -7.2 -5.6
0.03182 -7.4 -5.8
0.03184 -7.2 -5.6
0.03186 -7.4 -5.6
0.03188 -7.4 -5.6
0.0319 -7.4 -5.8
0.03192 -7.6 -5.8
0.03194 -7.4 -5.8
0.03196 -7.6 -5.8
0.03198 -7.8 -5.8
0.032 -7.8 -5.8
0.03202 -8 -6
0.03204 -7.8 -6
0.03206 -8 -6
0.03208 -8 -6
0.0321 -8 -6
0.03212 -8 -6
0.03214 -8.2 -6
0.03216 -8.2 -6
0.03218 -8.2 -6
0.0322 -8.4 -6.2
0.03222 -8.2 -6.2
0.03224 -8.4 -6.2
0.03226 -8.6 -6
0.03228 -8.4 -6.2
0.0323 -8.6 -6.2
0.03232 -8.6 -6.2
0.03234 -8.6 -6.2
0.03236 -8.8 -6.4
0.03238 -8.8 -6.2
0.0324 -8.8 -6.4
0.03242 -9 -6.4
0.03244 -9 -6.2
0.03246 -9 -6.4
0.03248 -9.2 -6.4
0.0325 -9 -6.6
0.03252 -9.2 -6.4
0.03254 -9.2 -6.4
0.03256 -9.2 -6.4
0.03258 -9 -6.6
0.0326 -9 -6.4
0.03262 -9 -6.4
0.03264 -9 -6.2
0.03266 -8.8 -6.6
0.03268 -8.8 -6.4
0.0327 -8.8 -6.4
0.03272 -8.6 -6.2
0.03274 -8.6 -6.2
0.03276 -8.6 -6.4
0.03278 -8.4 -6.2
0.0328 -8.6 -6.2
0.03282 -8.4 -6.2
0.03284 -8.2 -6.2
0.03286 -8.2 -6
0.03288 -8.2 -6
0.0329 -8.2 -6
0.03292 -8.2 -6
0.03294 -8.2 -6
0.03296 -8 -6
0.03298 -8 -6
0.033 -8 -6
0.03302 -7.8 -5.8
0.03304 -7.8 -6
0.03306 -7.8 -6
0.03308 -7.8 -5.8
0.0331 -7.6 -5.8
0.03312 -7.4 -5.8
0.03314 -7.4 -5.6
0.03316 -7.4 -5.6
0.03318 -7.4 -5.6
0.0332 -7.4 -5.6
0.03322 -7.4 -5.6
0.03324 -7.2 -5.6
0.03326 -7 -5.6
0.03328 -7.2 -5.4
0.0333 -7 -5.4
0.03332 -7 -5.6
0.03334 -7 -5.4
0.03336 -6.8 -5.4
0.03338 -6.8 -5.2
0.0334 -6.8 -5.2
0.03342 -6.6 -5.4
0.03344 -6.6 -5.2
0.03346 -6.6 -5.2
0.03348 -6.4 -5
0.0335 -6.6 -5.2
0.03352 -6.4 -5
0.03354 -6.4 -5
0.03356 -6.4 -5
0.03358 -6.4 -5
0.0336 -6.2 -4.8
0.03362 -6 -5
0.03364 -6.2 -4.8
0.03366 -6 -4.8
0.03368 -6 -4.8
0.0337 -6 -4.8
0.03372 -6 -4.6
0.03374 -5.8 -4.6
0.03376 -5.8 -4.6
0.03378 -5.8 -4.4
0.0338 -5.8 -4.4
0.03382 -5.6 -4.4
0.03384 -5.6 -4.2
0.03386 -5.4 -4
0.03388 -5.4 -4.2
0.0339 -5.4 -3.8
0.03392 -5.2 -3.8
0.03394 -5.2 -3.8
0.03396 -5.2 -3.6
0.03398 -5 -3.6
0.034 -5 -3.6
0.03402 -5 -3.6
0.03404 -4.8 -3.4
0.03406 -4.8 -3.4
0.03408 -4.6 -3.2
0.0341 -4.8 -3.2
0.03412 -4.6 -3
0.03414 -4.6 -2.8
0.03416 -4.6 -3
0.03418 -4.6 -2.8
0.0342 -4.2 -2.8
0.03422 -4.2 -2.8
0.03424 -4.2 -2.6
0.03426 -4 -2.6
0.03428 -4.2 -2.6
0.0343 -4 -2.6
0.03432 -4 -2.2
0.03434 -4 -2.2
0.03436 -4 -2.2
0.03438 -3.8 -2.2
0.0344 -3.6 -2
0.03442 -3.6 -2
0.03444 -3.6 -1.8
0.03446 -3.6 -1.8
0.03448 -3.4 -1.6
0.0345 -3.4 -1.4
0.03452 -3.2 -1.4
0.03454 -3.2 -1.4
0.03456 -3.2 -1.4
0.03458 -3 -1.2
0.0346 -3.2 -1.2
0.03462 -3 -1
0.03464 -3 -1
0.03466 -2.8 -0.8
0.03468 -2.6 -0.8
0.0347 -2.8 -0.6
0.03472 -2.6 -0.6
0.03474 -2.6 -0.6
0.03476 -2.6 -0.6
0.03478 -2.6 -0.4
0.0348 -2.4 -0.4
0.03482 -2.6 -0.4
0.03484 -2.4 0
0.03486 -2.2 0
0.03488 -2.2 0.2
0.0349 -2 0.2
0.03492 -2.2 0.2
0.03494 -2 0.4
0.03496 -2 0.6
0.03498 -2 0.6
0.035 -1.8 0.6
0.03502 -1.8 0.6
0.03504 -1.8 1
0.03506 -1.6 1
0.03508 -1.6 1.2
0.0351 -1.6 1.2
0.03512 -1.4 1.4
0.03514 -1.4 1.6
0.03516 -1.2 1.8
0.03518 -1.2 1.8
0.0352 -1 1.8
0.03522 -1 2
0.03524 -1 2.2
0.03526 -1 2.2
0.03528 -1 2.2
0.0353 -0.8 2.4
0.03532 -0.8 2.4
0.03534 -0.6 2.6
0.03536 -0.6 2.8
0.03538 -0.6 3
0.0354 -0.4 2.8
0.03542 -0.4 3
0.03544 0 3.2
0.03546 0 3.2
0.03548 0 3.2
0.0355 0 3.2
0.03552 0 3.2
0.03554 0 3.4
0.03556 0.2 3.6
0.03558 0.2 3.6
0.0356 0.2 3.8
0.03562 0.2 3.8
0.03564 0.4 4
0.03566 0.4 4.2
0.03568 0.6 4
0.0357 0.6 4.2
0.03572 0.6 4.4
0.03574 0.8 4.2
0.03576 1 4.4
0.03578 0.8 4.4
0.0358 1 4.6
0.03582 1 4.8
0.03584 1 4.8
0.03586 1.2 4.8
0.03588 1.2 4.8
0.0359 1.2 5
0.03592 1.2 5.2
0.03594 1.2 5.2
0.03596 1.4 5.4
0.03598 1.6 5.2
0.036 1.4 5.4
0.03602 1.6 5.4
0.03604 1.6 5.4
0.03606 1.6 5.6
0.03608 1.8 5.6
0.0361 1.8 5.8
0.03612 1.8 6
0.03614 2 6
0.03616 1.8 6
0.03618 2 6.2
0.0362 2.2 6
0.03622 2.2 6.4
0.03624 2.4 6.4
0.03626 2.4 6.4
0.03628 2.4 6.6
0.0363 2.4 6.4
0.03632 2.4 6.6
0.03634 2.6 6.6
0.03636 2.6 6.8
0.03638 2.6 7
0.0364 2.8 7
0.03642 3 7.2
0.03644 2.8 7.2
0.03646 3 7.2
0.03648 3 7.4
0.0365 3.2 7.4
0.03652 3.2 7.4
0.03654 3.2 7.4
0.03656 3.4 7.6
0.03658 3.4 7.6
0.0366 3.4 7.8
0.03662 3.4 7.8
0.03664 3.6 8
0.03666 3.6 8
0.03668 3.6 8.4
0.0367 3.6 8.2
0.03672 3.6 8.2
0.03674 3.8 8.2
0.03676 4 8.4
0.03678 4 8.4
0.0368 4 8.4
0.03682 4 8.4
0.03684 4 8.4
0.03686 4 8.4
0.03688 4.2 8.4
0.0369 4.2 8.4
0.03692 4.2 8.6
0.03694 4.4 8.6
0.03696 4.4 8.6
0.03698 4.4 8.6
0.037 4.4 8.6
0.03702 4.4 8.6
0.03704 4.6 8.6
0.03706 4.4 8.8
0.03708 4.6 8.8
0.0371 4.8 8.8
0.03712 4.8 8.8
0.03714 4.8 8.8
0.03716 5 8.8
0.03718 5 8.8
0.0372 4.8 8.8
0.03722 5 8.8
0.03724 5 9
0.03726 5.2 8.8
0.03728 5.2 8.8
0.0373 5.2 8.8
0.03732 5.2 9
0.03734 5.4 9
0.03736 5.4 9
0.03738 5.6 9
0.0374 5.6 9.2
0.03742 5.6 9
0.03744 5.8 9.2
0.03746 5.8 9
0.03748 5.8 9.2
0.0375 5.8 9.2
0.03752 5.8 9.2
0.03754 5.8 9.2
0.03756 6 9.2
0.03758 6 9.2
0.0376 6 9.2
0.03762 6 9.2
0.03764 6.2 9.4
0.03766 6.2 9.4
0.03768 6.2 9.4
0.0377 6.4 9.4
0.03772 6.4 9.4
0.03774 6.4 9.4
0.03776 6.4 9.4
0.03778 6.4 9.4
0.0378 6.6 9.4
0.03782 6.4 9.4
0.03784 6.4 9.4
0.03786 6.4 9.4
0.03788 6.2 9.4
0.0379 6.2 9.4
0.03792 6.2 9.4
0.03794 6 9.4
0.03796 6.2 9.2
0.03798 6 9.2
0.038 5.8 9.2
0.03802 5.8 9.2
0.03804 5.8 9
0.03806 5.6 9
0.03808 5.8 9
0.0381 5.6 9
0.03812 5.6 9
0.03814 5.6 9
0.03816 5.6 9
0.03818 5.4 9
0.0382 5.4 9
0.03822 5.4 9
0.03824 5.4 8.8
0.03826 5.2 8.8
0.03828 5.2 8.8
0.0383 5.2 8.8
0.03832 5 8.6
0.03834 4.8 8.6
0.03836 5 8.6
0.03838 4.8 8.6
0.0384 4.8 8.8
0.03842 4.8 8.6
0.03844 4.8 8.6
0.03846 4.6 8.6
0.03848 4.6 8.6
0.0385 4.4 8.4
0.03852 4.4 8.4
0.03854 4.4 8.4
0.03856 4.4 8.6
0.03858 4.2 8.4
0.0386 4.4 8.4
0.03862 4.2 8.4
0.03864 4 8.4
0.03866 4 8.4
0.03868 4 8.4
0.0387 4 8.2
0.03872 3.8 8.2
0.03874 4 8.2
0.03876 3.8 8.2
0.03878 3.6 8
0.0388 3.6 8
0.03882 3.6 8
0.03884 3.6 8.2
0.03886 3.6 7.8
0.03888 3.4 7.8
0.0389 3.4 7.8
0.03892 3.2 7.8
0.03894 3.2 7.6
0.03896 3.2 7.4
0.03898 3.2 7.2
0.039 3 7.2
0.03902 3 7.2
0.03904 3 7.2
0.03906 3 7
0.03908 2.6 7
0.0391 2.6 7
0.03912 2.6 7
0.03914 2.6 6.8
0.03916 2.6 6.6
0.03918 2.4 6.6
0.0392 2.4 6.6
0.03922 2.2 6.4
0.03924 2.4 6.2
0.03926 2.4 6.2
0.03928 2 6.2
0.0393 2 6.2
0.03932 2 6
0.03934 1.8 6
0.03936 1.8 5.8
0.03938 1.8 5.8
0.0394 1.8 5.6
0.03942 1.8 5.8
0.03944 1.6 5.4
0.03946 1.6 5.4
0.03948 1.6 5.2
0.0395 1.4 5.4
0.03952 1.4 5.2
0.03954 1.2 5.2
0.03956 1.2 5
0.03958 1.2 5
0.0396 1 4.8
0.03962 1.2 4.8
0.03964 1 4.6
0.03966 1 4.6
0.03968 0.8 4.6
0.0397 0.8 4.4
0.03972 0.8 4.4
0.03974 0.8 4.2
0.03976 0.4 4.2
0.03978 0.6 4
0.0398 0.4 4.2
0.03982 0.4 4
0.03984 0.4 4
0.03986 0.4 3.8
0.03988 0.4 3.8
0.0399 0.2 3.6
0.03992 0 3.4
0.03994 0.2 3.4
0.03996 0 3.2
0.03998 0 3.2
0.04 0 3
0.04002 -0.4 3
0.04004 -0.6 3
0.04006 -0.4 3
0.04008 -0.4 2.8
0.0401 -0.6 3
0.04012 -0.6 2.6
0.04014 -0.8 2.6
0.04016 -0.8 2.4
0.04018 -0.8 2.4
0.0402 -1 2.4
0.04022 -1 2.2
0.04024 -1 2
0.04026 -1 2
0.04028 -1.2 1.8
0.0403 -1.2 1.8
0.04032 -1.4 1.6
0.04034 -1.4 1.4
0.04036 -1.4 1.4
0.04038 -1.6 1.4
0.0404 -1.8 1.2
0.04042 -1.6 1
0.04044 -1.8 1
0.04046 -1.8 0.8
0.04048 -2 0.8
0.0405 -2 0.6
0.04052 -2.2 0.6
0.04054 -2.2 0.4
0.04056 -2.2 0.4
0.04058 -2.2 0
0.0406 -2.4 0
0.04062 -2.4 0
0.04064 -2.4 -0.4
0.04066 -2.6 -0.4
0.04068 -2.6 -0.4
0.0407 -2.6 -0.6
0.04072 -2.6 -0.6
0.04074 -2.6 -0.6
0.04076 -2.8 -0.8
0.04078 -2.8 -1
0.0408 -3 -0.8
0.04082 -3 -0.8
0.04084 -3 -1
0.04086 -3.2 -1.2
0.04088 -3.2 -1.2
0.0409 -3.2 -1.2
0.04092 -3.2 -1.2
0.04094 -3.4 -1.4
0.04096 -3.4 -1.6
0.04098 -3.4 -1.6
0.041 -3.6 -2
0.04102 -3.4 -1.6
0.04104 -3.6 -2
0.04106 -3.6 -2
0.04108 -3.8 -2
0.0411 -3.8 -2
0.04112 -4 -2.2
0.04114 -3.8 -2.4
0.04116 -4 -2.4
0.04118 -4 -2.4
0.0412 -4 -2.4
0.04122 -4.2 -2.6
0.04124 -4.2 -2.8
0.04126 -4.4 -2.8
0.04128 -4.4 -2.8
0.0413 -4.6 -2.8
0.04132 -4.4 -2.8
0.04134 -4.6 -3
0.04136 -4.6 -3.2
0.04138 -4.8 -3.2
0.0414 -4.8 -3.2
0.04142 -4.8 -3.4
0.04144 -4.8 -3.4
0.04146 -5 -3.6
0.04148 -5 -3.6
0.0415 -5 -3.6
0.04152 -5 -3.8
0.04154 -5 -3.8
0.04156 -5.4 -3.8
0.04158 -5.4 -4
0.0416 -5.4 -4
0.04162 -5.4 -4.2
0.04164 -5.4 -4.4
0.04166 -5.6 -4.2
0.04168 -5.6 -4.4
0.0417 -5.8 -4.4
0.04172 -5.8 -4.6
0.04174 -5.8 -4.8
0.04176 -5.8 -4.8
0.04178 -5.8 -4.6
0.0418 -6 -4.8
0.04182 -6 -4.8
0.04184 -6.2 -5
0.04186 -6 -5
0.04188 -6.2 -5.2
0.0419 -6.2 -5.2
0.04192 -6.4 -5.2
0.04194 -6.4 -5.2
0.04196 -6.4 -5.2
0.04198 -6.4 -5.4
0.042 -6.6 -5.2
0.04202 -6.4 -5.4
0.04204 -6.6 -5.4
0.04206 -6.6 -5.4
0.04208 -6.6 -5.4
0.0421 -6.8 -5.6
0.04212 -7 -5.4
0.04214 -6.8 -5.4
0.04216 -7 -5.4
0.04218 -6.8 -5.6
0.0422 -7.2 -5.6
0.04222 -7 -5.6
0.04224 -7.2 -5.6
0.04226 -7.4 -5.6
0.04228 -7.2 -5.8
0.0423 -7.4 -5.8
0.04232 -7.2 -5.6
0.04234 -7.4 -5.6
0.04236 -7.4 -5.6
0.04238 -7.4 -5.8
0.0424 -7.6 -5.8
0.04242 -7.6 -5.8
0.04244 -7.8 -6
0.04246 -8 -6
0.04248 -8 -6
0.0425 -7.8 -6
0.04252 -8 -6
0.04254 -8 -6
0.04256 -8 -6
0.04258 -8 -6
0.0426 -8.2 -6
0.04262 -8.4 -6
0.04264 -8.2 -6
0.04266 -8.4 -6.2
0.04268 -8.6 -6.2
0.0427 -8.2 -6.2
0.04272 -8.4 -6.2
0.04274 -8.6 -6.4
0.04276 -8.6 -6.4
0.04278 -8.6 -6.2
0.0428 -8.8 -6.2
0.04282 -8.8 -6.2
0.04284 -8.8 -6.4
0.04286 -8.8 -6.4
0.04288 -8.8 -6.4
0.0429 -9 -6.4
0.04292 -9 -6.4
0.04294 -9 -6.6
0.04296 -9 -6.6
0.04298 -9.2 -6.6
0.043 -9.2 -6.2
0.04302 -9 -6.4
0.04304 -9 -6.4
0.04306 -9 -6.4
0.04308 -9 -6.4
0.0431 -8.8 -6.4
0.04312 -8.8 -6.4
0.04314 -8.8 -6.4
0.04316 -8.6 -6.2
0.04318 -8.6 -6.4
0.0432 -8.6 -6.2
0.04322 -8.6 -6.2
0.04324 -8.4 -6.2
0.04326 -8.4 -6.4
0.04328 -8.4 -6.2
0.0433 -8.2 -6
0.04332 -8.2 -6.2
0.04334 -8.2 -6
0.04336 -8.2 -6
0.04338 -8 -6
0.0434 -8 -6
0.04342 -8.2 -6
0.04344 -7.8 -6
0.04346 -8 -5.8
0.04348 -7.8 -6
0.0435 -7.8 -5.8
0.04352 -7.8 -5.8
0.04354 -7.8 -5.6
0.04356 -7.6 -5.8
0.04358 -7.4 -5.6
0.0436 -7.4 -5.6
0.04362 -7.4 -5.6
0.04364 -7.4 -5.6
0.04366 -7.4 -5.6
0.04368 -7.2 -5.6
0.0437 -7.2 -5.6
0.04372 -7.2 -5.6
0.04374 -7.2 -5.4
0.04376 -6.8 -5.4
0.04378 -7 -5.4
0.0438 -7 -5.4
0.04382 -6.8 -5.4
0.04384 -6.6 -5.4
0.04386 -6.8 -5.2
0.04388 -6.6 -5.2
0.0439 -6.6 -5.4
0.04392 -6.6 -5.4
0.04394 -6.6 -5
0.04396 -6.4 -5.2
0.04398 -6.4 -5.2
0.044 -6.4 -5.2
0.04402 -6.2 -5
0.04404 -6.2 -5
0.04406 -6.2 -5
0.04408 -6.2 -5
0.0441 -6 -4.8
0.04412 -6 -5
0.04414 -6 -4.8
0.04416 -6 -4.6
0.04418 -5.8 -4.8
0.0442 -5.8 -4.6
0.04422 -5.8 -4.6
0.04424 -5.8 -4.4
0.04426 -5.6 -4.4
0.04428 -5.6 -4.4
0.0443 -5.4 -4.2
0.04432 -5.4 -4
0.04434 -5.4 -4
0.04436 -5.2 -4
0.04438 -5.2 -3.8
0.0444 -5 -3.8
0.04442 -5 -3.8
0.04444 -5 -3.6
0.04446 -5 -3.8
0.04448 -5 -3.6
0.0445 -4.8 -3.4
0.04452 -4.8 -3.4
0.04454 -4.8 -3.2
0.04456 -4.8 -3.2
0.04458 -4.6 -3.2
0.0446 -4.4 -3
0.04462 -4.6 -3
0.04464 -4.6 -2.8
0.04466 -4.4 -2.8
0.04468 -4.2 -2.6
0.0447 -4.2 -2.6
0.04472 -4 -2.4
0.04474 -4 -2.6
0.04476 -4 -2.4
0.04478 -3.8 -2.2
0.0448 -3.8 -2.2
0.04482 -3.8 -2
0.04484 -3.8 -2
0.04486 -3.6 -2
0.04488 -3.6 -1.8
0.0449 -3.6 -1.8
0.04492 -3.6 -1.8
0.04494 -3.4 -1.6
0.04496 -3.4 -1.6
0.04498 -3.4 -1.4
0.045 -3.2 -1.4
0.04502 -3.2 -1.4
0.04504 -3.2 -1.2
0.04506 -3 -1
0.04508 -3 -1
0.0451 -2.8 -1
0.04512 -2.8 -0.8
0.04514 -2.8 -0.8
0.04516 -2.8 -0.6
0.04518 -2.8 -0.6
0.0452 -2.6 -0.6
0.04522 -2.6 -0.6
0.04524 -2.6 -0.6
0.04526 -2.6 -0.4
0.04528 -2.4 0
0.0453 -2.4 -0.4
0.04532 -2.4 -0.4
0.04534 -2.4 0.2
0.04536 -2.2 0.4
0.04538 -2.2 0.4
0.0454 -2.2 0.4
0.04542 -2 0.4
0.04544 -2 0.6
0.04546 -2 0.6
0.04548 -1.8 0.8
0.0455 -1.8 1
0.04552 -1.6 1.2
0.04554 -1.8 1.2
0.04556 -1.6 1.4
0.04558 -1.6 1.4
0.0456 -1.2 1.4
0.04562 -1.2 1.6
0.04564 -1.2 1.8
0.04566 -1.2 1.8
0.04568 -1.2 1.8
0.0457 -1 2
0.04572 -1 2.2
0.04574 -0.8 2.4
0.04576 -0.8 2.4
0.04578 -0.8 2.6
0.0458 -0.6 2.6
0.04582 -0.6 2.8
0.04584 -0.6 3
0.04586 -0.6 3
0.04588 -0.6 3
0.0459 -0.4 3
0.04592 -0.4 3.2
0.04594 -0.4 3.2
0.04596 0 3.2
0.04598 0 3.4
0.046 0.2 3.4
0.04602 0 3.8
0.04604 0.2 3.6
0.04606 0.4 3.6
0.04608 0.4 3.8
0.0461 0.4 4
0.04612 0.4 4
0.04614 0.6 4.2
0.04616 0.6 4
0.04618 0.6 4.2
0.0462 0.8 4.6
0.04622 0.8 4.4
0.04624 0.8 4.4
0.04626 0.8 4.6
0.04628 1 4.6
0.0463 1 4.8
0.04632 1.2 4.8
0.04634 1.2 4.8
0.04636 1.2 5
0.04638 1.2 5.2
0.0464 1.6 5.2
0.04642 1.4 5.2
0.04644 1.4 5.2
0.04646 1.6 5.4
0.04648 1.6 5.4
0.0465 1.6 5.8
0.04652 1.8 5.6
0.04654 1.8 5.8
0.04656 1.8 5.8
0.04658 1.8 5.8
0.0466 2 6
0.04662 2 6
0.04664 2 6.2
0.04666 2.2 6.2
0.04668 2.2 6.4
0.0467 2.4 6.4
0.04672 2.4 6.4
0.04674 2.4 6.4
0.04676 2.6 6.6
0.04678 2.4 6.6
0.0468 2.6 6.8
0.04682 2.6 6.8
0.04684 2.8 7
0.04686 2.6 7
0.04688 3 7
0.0469 2.8 7
0.04692 3 7
0.04694 3.2 7.2
0.04696 3.2 7.4
0.04698 3.2 7.4
0.047 3.2 7.4
0.04702 3.2 7.8
0.04704 3.4 7.6
0.04706 3.4 7.8
0.04708 3.4 7.8
0.0471 3.4 7.8
0.04712 3.4 7.8
0.04714 3.6 8
0.04716 3.6 8.2
0.04718 3.6 8.2
0.0472 3.8 8.2
0.04722 3.8 8.4
0.04724 4 8.4
0.04726 3.8 8.6
0.04728 4 8.4
0.0473 4 8.4
0.04732 4 8.4
0.04734 4.2 8.4
0.04736 4.4 8.4
0.04738 4.2 8.6
0.0474 4.4 8.4
0.04742 4.4 8.6
0.04744 4.4 8.6
0.04746 4.4 8.4
0.04748 4.4 8.6
0.0475 4.4 8.6
0.04752 4.6 8.6
0.04754 4.6 8.8
0.04756 4.8 8.6
0.04758 4.8 8.6
0.0476 4.8 8.8
0.04762 4.8 8.8
0.04764 4.8 8.8
0.04766 5 8.6
0.04768 5.2 8.8
0.0477 5.2 9
0.04772 5.2 9
0.04774 5.2 9
0.04776 5.2 9
0.04778 5.4 9
0.0478 5.4 9.2
0.04782 5.4 9.2
0.04784 5.4 9
0.04786 5.6 9.2
0.04788 5.6 9
0.0479 5.6 9.2
0.04792 5.6 9.2
0.04794 5.6 9
0.04796 5.8 9
0.04798 5.8 9.2
0.048 5.8 9.2
0.04802 6 9.2
0.04804 6 9.2
0.04806 6.2 9.2
0.04808 6.2 9.2
0.0481 6.2 9.4
0.04812 6.2 9.2
0.04814 6.2 9.4
0.04816 6.2 9.4
0.04818 6.4 9.4
0.0482 6.4 9.4
0.04822 6.4 9.2
0.04824 6.4 9.4
0.04826 6.4 9.4
0.04828 6.4 9.4
0.0483 6.4 9.4
0.04832 6.2 9.4
0.04834 6.2 9.4
0.04836 6 9.4
0.04838 6 9.2
0.0484 6 9.2
0.04842 6 9
0.04844 6 9.2
0.04846 5.8 9
0.04848 5.8 9.2
0.0485 5.8 9
0.04852 5.8 9.2
0.04854 5.6 9.2
0.04856 5.6 9.2
0.04858 5.6 9
0.0486 5.4 9
0.04862 5.4 9
0.04864 5.4 9
0.04866 5.4 9
0.04868 5.2 9
0.0487 5.2 8.8
0.04872 5.2 8.8
0.04874 5 8.8
0.04876 5 8.8
0.04878 5 8.6
0.0488 5 8.6
0.04882 4.8 8.6
0.04884 5 8.8
0.04886 4.8 8.6
0.04888 4.8 8.6
0.0489 4.8 8.4
0.04892 4.6 8.4
0.04894 4.6 8.6
0.04896 4.4 8.4
0.04898 4.4 8.4
0.049 4.4 8.4
0.04902 4.4 8.4
0.04904 4.2 8.4
0.04906 4 8.4
0.04908 4.2 8.2
0.0491 4 8.2
0.04912 4 8.2
0.04914 4 8.4
0.04916 4 8.2
0.04918 3.8 7.8
0.0492 4 8.2
0.04922 3.8 8
0.04924 3.8 8
0.04926 3.6 8
0.04928 3.6 8
0.0493 3.6 8
0.04932 3.4 8
0.04934 3.4 7.8
0.04936 3.2 7.8
0.04938 3.4 7.6
0.0494 3.2 7.6
0.04942 3.2 7.6
0.04944 3.2 7.4
0.04946 3 7.4
0.04948 3 7.2
0.0495 2.8 7.2
0.04952 2.8 7.2
0.04954 2.8 7
0.04956 2.8 6.8
0.04958 2.6 6.8
0.0496 2.6 6.8
0.04962 2.4 6.8
0.04964 2.4 6.6
0.04966 2.4 6.6
0.04968 2.4 6.4
0.0497 2.2 6.4
0.04972 2.2 6.4
0.04974 2 6.2
0.04976 2 6.2
0.04978 1.8 6
0.0498 1.8 6
0.04982 1.8 6
0.04984 1.8 5.6
0.04986 1.6 5.8
0.04988 1.8 5.6
0.0499 1.6 5.4
0.04992 1.6 5.4
0.04994 1.6 5.2
0.04996 1.4 5.2
0.04998 1.4 5.4
0.05 1.2 5.2
0.05002 1.2 5
0.05004 1 5
0.05006 1.2 4.8
0.05008 1 5
0.0501 1 4.8
0.05012 0.8 4.6
0.05014 0.8 4.4
0.05016 0.8 4.4
0.05018 0.6 4.4
0.0502 0.8 4.4
0.05022 0.6 4.2
0.05024 0.4 4.2
0.05026 0.4 4.2
0.05028 0.6 3.8
0.0503 0.2 3.8
0.05032 0.2 3.8
0.05034 0.2 3.8
0.05036 0 3.8
0.05038 0.2 3.6
0.0504 0 3.4
0.05042 0 3.2
0.05044 -0.4 3.2
0.05046 -0.4 3.4
0.05048 0 3
0.0505 -0.4 3
0.05052 -0.4 3
0.05054 -0.6 2.8
0.05056 -0.6 2.8
0.05058 -0.8 2.6
0.0506 -1 2.6
0.05062 -0.8 2.6
0.05064 -0.8 2.4
0.05066 -1 2.2
0.05068 -1.2 2.2
0.0507 -1.2 2
0.05072 -1.2 2
0.05074 -1.4 1.8
0.05076 -1.2 1.8
0.05078 -1.2 1.6
0.0508 -1.4 1.6
0.05082 -1.6 1.4
0.05084 -1.6 1.2
0.05086 -1.8 1.2
0.05088 -1.8 1
0.0509 -1.8 1
0.05092 -2 1
0.05094 -2 0.6
0.05096 -2 0.6
0.05098 -2 0.4
0.051 -2.2 0.4
0.05102 -2.2 0.4
0.05104 -2.4 0.2
0.05106 -2.4 0.2
0.05108 -2.4 0
0.0511 -2.6 -0.4
0.05112 -2.6 -0.4
0.05114 -2.6 -0.4
0.05116 -2.6 -0.4
0.05118 -2.6 -0.6
0.0512 -2.8 -0.6
0.05122 -2.8 -0.8
0.05124 -2.8 -0.8
0.05126 -3 -0.8
0.05128 -3 -1
0.0513 -3 -1
0.05132 -3.2 -1
0.05134 -3.2 -1.2
0.05136 -3.2 -1.2
0.05138 -3.2 -1.4
0.0514 -3.4 -1.4
0.05142 -3.4 -1.6
0.05144 -3.6 -1.6
0.05146 -3.4 -1.8
0.05148 -3.6 -1.8
0.0515 -3.6 -1.8
0.05152 -3.8 -2
0.05154 -3.8 -2.2
0.05156 -3.8 -2.2
0.05158 -4 -2.2
0.0516 -4 -2.2
0.05162 -4.2 -2.4
0.05164 -4.2 -2.6
0.05166 -4 -2.6
0.05168 -4.2 -2.6
0.0517 -4.2 -2.8
0.05172 -4.4 -2.8
0.05174 -4.2 -2.8
0.05176 -4.6 -2.8
0.05178 -4.6 -3
0.0518 -4.6 -3
0.05182 -4.8 -3.2
0.05184 -4.8 -3.2
0.05186 -4.8 -3.2
0.05188 -4.8 -3.4
0.0519 -4.8 -3.4
0.05192 -5 -3.6
0.05194 -5 -3.6
0.05196 -5 -3.8
0.05198 -5 -3.6
0.052 -5.2 -4
0.05202 -5.2 -4
0.05204 -5.4 -4
0.05206 -5.4 -4
0.05208 -5.4 -4.2
0.0521 -5.6 -4.4
0.05212 -5.6 -4.4
0.05214 -5.8 -4.4
0.05216 -5.8 -4.4
0.05218 -5.8 -4.6
0.0522 -5.8 -4.8
0.05222 -5.8 -4.8
0.05224 -6 -4.8
0.05226 -6 -4.8
0.05228 -6 -5
0.0523 -6.2 -5
0.05232 -6.2 -5.2
0.05234 -6.2 -5.2
0.05236 -6.2 -5.2
0.05238 -6.4 -5.4
0.0524 -6.4 -5.4
0.05242 -6.4 -5.4
0.05244 -6.6 -5.2
0.05246 -6.6 -5.4
0.05248 -6.6 -5.4
0.0525 -6.6 -5.2
0.05252 -6.6 -5.2
0.05254 -6.6 -5.4
0.05256 -6.6 -5.4
0.05258 -6.8 -5.4
0.0526 -6.8 -5.6
0.05262 -7 -5.6
0.05264 -7 -5.6
0.05266 -7 -5.6
0.05268 -7.2 -5.6
0.0527 -7.2 -5.6
0.05272 -7.2 -5.6
0.05274 -7.2 -5.8
0.05276 -7.4 -5.6
0.05278 -7.4 -5.6
0.0528 -7.4 -5.6
0.05282 -7.6 -5.8
0.05284 -7.6 -5.8
0.05286 -7.6 -6
0.05288 -7.6 -6
0.0529 -7.6 -5.8
0.05292 -7.8 -5.8
0.05294 -7.8 -6
0.05296 -7.8 -6
0.05298 -7.8 -6
0.053 -8 -6
0.05302 -7.8 -6
0.05304 -8.2 -6
0.05306 -8.2 -6
0.05308 -8 -6
0.0531 -8.4 -6.2
0.05312 -8.2 -6
0.05314 -8.2 -6.2
0.05316 -8.2 -6.2
0.05318 -8.4 -6.2
0.0532 -8.6 -6.2
0.05322 -8.6 -6.2
0.05324 -8.6 -6.4
0.05326 -8.6 -6.2
0.05328 -8.6 -6.4
0.0533 -8.8 -6.2
0.05332 -9 -6.4
0.05334 -8.8 -6.4
0.05336 -9 -6.4
0.05338 -9 -6.6
0.0534 -9 -6.4
0.05342 -9 -6.4
0.05344 -9 -6.6
0.05346 -9.2 -6.4
0.05348 -9 -6.4
0.0535 -9 -6.4
0.05352 -9 -6.4
0.05354 -8.8 -6.6
0.05356 -9 -6.4
0.05358 -8.8 -6.4
0.0536 -8.8 -6.4
0.05362 -8.6 -6.4
0.05364 -8.6 -6.4
0.05366 -8.4 -6
0.05368 -8.6 -6.4
0.0537 -8.4 -6.2
0.05372 -8.4 -6.2
0.05374 -8.4 -6.2
0.05376 -8.4 -6
0.05378 -8.2 -6
0.0538 -8.2 -6
0.05382 -8.2 -6
0.05384 -8.2 -6
0.05386 -8 -6
0.05388 -8 -6
0.0539 -8 -6
0.05392 -8 -6
0.05394 -7.6 -5.8
0.05396 -7.8 -5.8
0.05398 -7.6 -5.8
0.054 -7.6 -5.8
0.05402 -7.4 -5.6
0.05404 -7.6 -5.6
0.05406 -7.4 -5.6
0.05408 -7.4 -5.8
0.0541 -7.4 -5.6
0.05412 -7.4 -5.6
0.05414 -7.2 -5.4
0.05416 -7.2 -5.6
0.05418 -7.2 -5.6
0.0542 -7 -5.4
0.05422 -7 -5.4
0.05424 -7 -5.2
0.05426 -6.8 -5.4
0.05428 -6.8 -5.4
0.0543 -6.8 -5.2
0.05432 -6.6 -5.4
0.05434 -6.6 -5.2
0.05436 -6.6 -5.4
0.05438 -6.6 -5.2
0.0544 -6.6 -5.2
0.05442 -6.4 -5
0.05444 -6.2 -5.2
0.05446 -6.2 -5
0.05448 -6.2 -5
0.0545 -6.2 -4.8
0.05452 -6.2 -5
0.05454 -6.2 -4.8
0.05456 -6.2 -4.8
0.05458 -6 -4.8
0.0546 -6 -4.8
0.05462 -5.8 -4.8
0.05464 -5.8 -4.6
0.05466 -5.8 -4.6
0.05468 -5.6 -4.6
0.0547 -5.6 -4.4
0.05472 -5.6 -4.4
0.05474 -5.4 -4.4
0.05476 -5.4 -4.2
0.05478 -5.4 -4
0.0548 -5.4 -4
0.05482 -5.4 -4
0.05484 -5 -3.8
0.05486 -5.2 -4
0.05488 -5 -3.6
0.0549 -5 -3.6
0.05492 -5 -3.6
0.05494 -5 -3.6
0.05496 -4.8 -3.4
0.05498 -4.8 -3.4
0.055 -4.8 -3.2
0.05502 -4.6 -3.2
0.05504 -4.6 -3
0.05506 -4.6 -3
0.05508 -4.6 -2.8
0.0551 -4.2 -2.8
0.05512 -4.2 -2.8
0.05514 -4.2 -2.8
0.05516 -4.2 -2.6
0.05518 -4 -2.4
0.0552 -4 -2.4
0.05522 -4 -2.2
0.05524 -4 -2.4
0.05526 -3.8 -2.2
0.05528 -3.8 -2
0.0553 -3.8 -2
0.05532 -3.6 -2
0.05534 -3.6 -2
0.05536 -3.6 -1.8
0.05538 -3.4 -1.8
0.0554 -3.4 -1.6
0.05542 -3.4 -1.6
0.05544 -3.2 -1.4
0.05546 -3.2 -1.2
0.05548 -3.2 -1.2
0.0555 -3.2 -1.2
0.05552 -3 -1
0.05554 -3 -1.2
0.05556 -2.8 -0.8
0.05558 -2.8 -0.8
0.0556 -2.8 -0.8
0.05562 -2.6 -0.6
0.05564 -2.6 -0.6
0.05566 -2.6 -0.4
0.05568 -2.6 -0.6
0.0557 -2.6 -0.4
0.05572 -2.4 -0.4
0.05574 -2.4 0
0.05576 -2.2 0.2
0.05578 -2.4 0.2
0.0558 -2.2 0.2
0.05582 -2.2 0.4
0.05584 -2 0.2
0.05586 -2 0.4
0.05588 -2 0.4
0.0559 -1.8 0.6
0.05592 -1.8 0.8
0.05594 -1.6 0.8
0.05596 -1.8 1
0.05598 -1.6 1.2
0.056 -1.8 1.2
0.05602 -1.6 1.4
0.05604 -1.4 1.6
0.05606 -1.2 1.4
0.05608 -1.4 1.4
0.0561 -1.2 1.8
0.05612 -1 1.8
0.05614 -1 2
0.05616 -1 2
0.05618 -1 2.2
0.0562 -1 2.4
0.05622 -0.8 2.6
0.05624 -0.8 2.6
0.05626 -0.6 2.6
0.05628 -0.6 2.8
0.0563 -0.6 3
0.05632 -0.4 3
0.05634 -0.6 2.8
0.05636 0 3
0.05638 0 3
0.0564 0 3.4
0.05642 0 3.4
0.05644 0 3.4
0.05646 0.2 3.4
0.05648 0.2 3.6
0.0565 0.2 3.8
0.05652 0.2 3.8
0.05654 0.4 3.8
0.05656 0.4 4
0.05658 0.4 4.2
0.0566 0.6 4.2
0.05662 0.6 4.2
0.05664 0.6 4.2
0.05666 0.8 4.4
0.05668 0.8 4.4
0.0567 0.8 4.6
0.05672 1 4.6
0.05674 1 4.6
0.05676 1 4.8
0.05678 1.2 5
0.0568 1 5
0.05682 1.2 5
0.05684 1.4 5
0.05686 1.4 5.2
0.05688 1.4 5.2
0.0569 1.4 5.4
0.05692 1.6 5.4
0.05694 1.6 5.6
0.05696 1.6 5.8
0.05698 1.6 5.8
0.057 1.6 5.8
0.05702 1.8 5.8
0.05704 1.8 6
0.05706 2 6
0.05708 1.8 6
0.0571 2 6.2
0.05712 2 6.2
0.05714 2.2 6.2
0.05716 2.4 6.4
0.05718 2.4 6.4
0.0572 2.4 6.6
0.05722 2.4 6.6
0.05724 2.6 6.8
0.05726 2.6 6.8
0.05728 2.6 7
0.0573 2.6 6.8
0.05732 2.6 7
0.05734 2.8 7
0.05736 3 7
0.05738 2.8 7
0.0574 3 7.2
0.05742 3.2 7.4
0.05744 3 7.4
0.05746 3 7.4
0.05748 3.4 7.6
0.0575 3.2 7.6
0.05752 3.4 7.6
0.05754 3.4 8
0.05756 3.4 8
0.05758 3.4 7.8
0.0576 3.6 8
0.05762 3.6 8.2
0.05764 3.8 8.2
0.05766 3.6 8.2
0.05768 3.8 8.2
0.0577 4 8.2
0.05772 4 8.6
0.05774 4 8.4
0.05776 4 8.4
0.05778 4 8.4
0.0578 4.2 8.6
0.05782 4.2 8.6
0.05784 4.2 8.4
0.05786 4.2 8.4
0.05788 4.4 8.4
0.0579 4.6 8.6
0.05792 4.6 8.6
0.05794 4.4 8.6
0.05796 4.4 8.6
0.05798 4.6 8.6
0.058 4.6 8.6
0.05802 4.6 8.6
0.05804 4.8 8.6
0.05806 4.8 8.6
0.05808 4.8 8.8
0.0581 5 8.8
0.05812 5 8.8
0.05814 5 8.6
0.05816 5 8.8
0.05818 5.2 9
0.0582 5.2 8.8
0.05822 5.2 9
0.05824 5.2 8.8
0.05826 5.4 9
0.05828 5.4 9
0.0583 5.6 9
0.05832 5.4 9
0.05834 5.6 9
0.05836 5.6 9
0.05838 5.6 9
0.0584 5.6 9.2
0.05842 5.6 9.2
0.05844 5.8 9.2
0.05846 5.8 9.2
0.05848 5.8 9.2
0.0585 6 9.2
0.05852 6 9.4
0.05854 6 9.2
0.05856 6.2 9.2
0.05858 6.2 9.2
0.0586 6.4 9.4
0.05862 6.2 9.2
0.05864 6.2 9.4
0.05866 6.4 9.4
0.05868 6.4 9.4
0.0587 6.6 9.4
0.05872 6.4 9.4
0.05874 6.4 9.4
0.05876 6.2 9.4
0.05878 6.2 9.2
0.0588 6.2 9.4
0.05882 6.2 9.2
0.05884 6 9.4
0.05886 6.2 9.2
0.05888 5.8 9.2
0.0589 6 9.2
0.05892 5.8 9.2
0.05894 5.8 9.2
0.05896 5.8 9.2
0.05898 5.6 9.2
0.059 5.6 9.2
0.05902 5.6 9
0.05904 5.6 9
0.05906 5.6 9
0.05908 5.4 8.8
0.0591 5.6 9
0.05912 5.2 8.8
0.05914 5.4 9
0.05916 5.4 8.8
0.05918 5 8.8
0.0592 5.2 8.8
0.05922 5 8.8
0.05924 5 8.6
0.05926 5 8.6
0.05928 5 8.6
0.0593 4.8 8.6
0.05932 4.8 8.6
0.05934 4.8 8.6
0.05936 4.6 8.6
0.05938 4.6 8.6
0.0594 4.4 8.6
0.05942 4.6 8.6
0.05944 4.4 8.4
0.05946 4.4 8.4
0.05948 4.2 8.4
0.0595 4.2 8.4
0.05952 4.2 8.4
0.05954 4 8.4
0.05956 4.2 8.2
0.05958 4 8.2
0.0596 4 8.2
0.05962 4 8.2
0.05964 4 8.2
0.05966 3.8 8.2
0.05968 3.8 8.2
0.0597 3.8 8.2
0.05972 3.6 8
0.05974 3.6 8
0.05976 3.6 8
0.05978 3.4 7.8
0.0598 3.4 7.8
0.05982 3.4 7.8
0.05984 3.2 7.6
0.05986 3.4 7.6
0.05988 3.2 7.4
0.0599 3.2 7.4
0.05992 3.2 7.4
0.05994 3 7.2
0.05996 3 7.2
0.05998 2.8 7.2
0.06 2.8 7
0.06002 2.6 7
0.06004 2.6 6.8
0.06006 2.6 6.8
0.06008 2.4 6.6
0.0601 2.4 6.4
0.06012 2.4 6.4
0.06014 2.4 6.2
0.06016 2.2 6.2
0.06018 2.2 6.2
0.0602 2.2 6.2
0.06022 2 6
0.06024 1.8 6
0.06026 2 6
0.06028 1.8 5.8
0.0603 1.8 5.8
0.06032 1.6 5.8
0.06034 1.6 5.6
0.06036 1.6 5.6
0.06038 1.4 5.4
0.0604 1.6 5.4
0.06042 1.4 5.4
0.06044 1.2 5.4
0.06046 1.2 5.2
0.06048 1.2 5
0.0605 1 5
0.06052 1 5
0.06054 1.2 4.8
0.06056 0.8 4.8
0.06058 1 4.6
0.0606 0.8 4.4
0.06062 0.8 4.4
0.06064 0.8 4.4
0.06066 0.6 4.4
0.06068 0.6 4.2
0.0607 0.6 4.2
0.06072 0.4 4.2
0.06074 0.4 4
0.06076 0.4 3.8
0.06078 0.2 3.8
0.0608 0.2 3.4
0.06082 0.2 3.6
0.06084 0 3.6
0.06086 0 3.4
0.06088 0 3.2
0.0609 -0.4 3.2
0.06092 0 3.2
0.06094 -0.6 3.2
0.06096 -0.6 3
0.06098 -0.6 2.8
0.061 -0.8 3
0.06102 -0.6 2.8
0.06104 -0.8 2.8
0.06106 -0.8 2.6
0.06108 -0.8 2.6
0.0611 -0.8 2.4
0.06112 -1 2.4
0.06114 -1 2.2
0.06116 -1 2
0.06118 -1 2.2
0.0612 -1.2 2
0.06122 -1.4 1.8
0.06124 -1.4 1.8
0.06126 -1.4 1.4
0.06128 -1.6 1.4
0.0613 -1.6 1.4
0.06132 -1.6 1.2
0.06134 -1.6 1
0.06136 -1.8 0.8
0.06138 -1.8 1
0.0614 -1.8 1
0.06142 -2 0.6
0.06144 -2 0.4
0.06146 -2.2 0.4
0.06148 -2.2 0.4
0.0615 -2.2 0.2
0.06152 -2.4 0
0.06154 -2.4 -0.4
0.06156 -2.4 -0.4
0.06158 -2.6 -0.4
0.0616 -2.6 -0.4
0.06162 -2.6 -0.6
0.06164 -2.6 -0.6
0.06166 -2.8 -0.6
0.06168 -2.8 -0.6
0.0617 -3 -0.6
0.06172 -3 -1
0.06174 -3 -0.8
0.06176 -3 -1
0.06178 -3.2 -1.2
0.0618 -3.2 -1.2
0.06182 -3.4 -1.4
0.06184 -3.4 -1.4
0.06186 -3.4 -1.6
0.06188 -3.4 -1.4
0.0619 -3.4 -1.6
0.06192 -3.4 -1.8
0.06194 -3.4 -1.8
0.06196 -3.6 -1.8
0.06198 -3.8 -2
0.062 -3.8 -2
0.06202 -4 -2.2
0.06204 -4 -2.2
0.06206 -4 -2.4
0.06208 -4 -2.2
0.0621 -4.2 -2.4
0.06212 -4.2 -2.6
0.06214 -4 -2.6
0.06216 -4.2 -2.8
0.06218 -4.4 -2.8
0.0622 -4.6 -2.8
0.06222 -4.4 -2.8
0.06224 -4.4 -3
0.06226 -4.6 -3
0.06228 -4.8 -3
0.0623 -4.8 -3.2
0.06232 -4.8 -3.6
0.06234 -4.8 -3.4
0.06236 -5 -3.6
0.06238 -5 -3.6
0.0624 -5 -3.6
0.06242 -5 -3.6
0.06244 -5 -3.6
0.06246 -5 -3.8
0.06248 -5.2 -3.8
0.0625 -5.4 -4
0.06252 -5.4 -4
0.06254 -5.4 -4
0.06256 -5.6 -4.2
0.06258 -5.6 -4.4
0.0626 -5.6 -4.4
0.06262 -5.6 -4.4
0.06264 -5.8 -4.4
0.06266 -5.8 -4.6
0.06268 -5.8 -4.6
0.0627 -6 -4.6
0.06272 -6 -4.6
0.06274 -6 -5
0.06276 -6.2 -5
0.06278 -6.2 -5
0.0628 -6.2 -5.2
0.06282 -6.4 -5.2
0.06284 -6.4 -5.2
0.06286 -6.4 -5.4
0.06288 -6.4 -5.4
0.0629 -6.6 -5.2
0.06292 -6.6 -5.2
0.06294 -6.6 -5.2
0.06296 -6.6 -5.4
0.06298 -6.6 -5.2
0.063 -6.6 -5.4
0.06302 -7 -5.4
0.06304 -6.8 -5.4
0.06306 -7 -5.6
0.06308 -7 -5.6
0.0631 -7 -5.6
0.06312 -7.2 -5.6
0.06314 -7.2 -5.6
0.06316 -7.2 -5.6
0.06318 -7.2 -5.6
0.0632 -7.4 -5.6
0.06322 -7.4 -5.6
0.06324 -7.4 -5.6
0.06326 -7.4 -5.8
0.06328 -7.4 -6
0.0633 -7.4 -5.8
0.06332 -7.8 -6
0.06334 -7.8 -6
0.06336 -7.8 -6
0.06338 -7.8 -5.8
0.0634 -7.8 -6
0.06342 -8 -6
0.06344 -8 -6
0.06346 -8 -6.2
0.06348 -8 -6
0.0635 -8.2 -6.2
0.06352 -8.2 -6
0.06354 -8.2 -6.2
0.06356 -8.4 -6
0.06358 -8.4 -6.2
0.0636 -8.4 -6.2
0.06362 -8.6 -6.2
0.06364 -8.4 -6.2
0.06366 -8.4 -6.2
0.06368 -8.6 -6.2
0.0637 -8.6 -6.4
0.06372 -8.8 -6.2
0.06374 -8.8 -6.2
0.06376 -8.6 -6.4
0.06378 -8.8 -6.4
0.0638 -9 -6.4
0.06382 -8.8 -6.6
0.06384 -9 -6.4
0.06386 -9.2 -6.4
0.06388 -9 -6.6
0.0639 -9 -6.4
0.06392 -9.2 -6.4
0.06394 -9 -6.4
0.06396 -9.2 -6.4
0.06398 -9 -6.2
0.064 -9 -6.4
0.06402 -9 -6.2
0.06404 -8.8 -6.4
0.06406 -8.8 -6.2
0.06408 -8.8 -6.4
0.0641 -8.6 -6.4
0.06412 -8.6 -6.2
0.06414 -8.6 -6
0.06416 -8.4 -6.2
0.06418 -8.6 -6.2
0.0642 -8.4 -6.2
0.06422 -8.4 -6.2
0.06424 -8.2 -6
0.06426 -8.2 -6.2
0.06428 -8.4 -6
0.0643 -8.2 -6
0.06432 -8.2 -6
0.06434 -8 -6
0.06436 -8 -6
0.06438 -8 -6
0.0644 -7.8 -5.8
0.06442 -7.8 -5.6
0.06444 -7.6 -5.6
0.06446 -7.6 -5.8
0.06448 -7.6 -5.6
0.0645 -7.4 -5.6
0.06452 -7.4 -5.6
0.06454 -7.4 -5.6
0.06456 -7.4 -5.6
0.06458 -7.4 -5.6
0.0646 -7.4 -5.6
0.06462 -7.2 -5.4
0.06464 -7.2 -5.6
0.06466 -7 -5.4
0.06468 -7 -5.6
0.0647 -7 -5.4
0.06472 -7 -5.4
0.06474 -6.8 -5.4
0.06476 -6.8 -5.4
0.06478 -6.6 -5.4
0.0648 -6.6 -5.2
0.06482 -6.6 -5.2
0.06484 -6.6 -5.4
0.06486 -6.4 -5.2
0.06488 -6.4 -5.2
0.0649 -6.4 -5
0.06492 -6.4 -5
0.06494 -6.4 -5.2
0.06496 -6.2 -5
0.06498 -6.2 -5
0.065 -6.2 -5
0.06502 -6 -5
0.06504 -6.2 -5
0.06506 -6 -4.8
0.06508 -5.8 -4.6
0.0651 -5.8 -4.6
0.06512 -5.8 -4.6
0.06514 -5.8 -4.6
0.06516 -5.6 -4.4
0.06518 -5.4 -4.2
0.0652 -5.6 -4.4
0.06522 -5.4 -4.4
0.06524 -5.4 -4
0.06526 -5.4 -4
0.06528 -5.2 -4
0.0653 -5.4 -4
0.06532 -5 -3.8
0.06534 -5 -3.8
0.06536 -5 -3.6
0.06538 -5 -3.6
0.0654 -5 -3.6
0.06542 -5 -3.6
0.06544 -4.8 -3.4
0.06546 -4.6 -3.2
0.06548 -4.6 -3
0.0655 -4.6 -3
0.06552 -4.6 -3.2
0.06554 -4.4 -2.8
0.06556 -4.4 -3
0.06558 -4.2 -2.8
0.0656 -4.2 -2.8
0.06562 -4.2 -2.6
0.06564 -4.2 -2.4
0.06566 -4.2 -2.4
0.06568 -4 -2.4
0.0657 -3.8 -2.2
0.06572 -3.8 -2.2
0.06574 -3.8 -2.2
0.06576 -3.8 -2
0.06578 -3.8 -2
0.0658 -3.6 -2
0.06582 -3.4 -1.8
0.06584 -3.4 -1.6
0.06586 -3.4 -1.6
0.06588 -3.4 -1.4
0.0659 -3.2 -1.4
0.06592 -3.2 -1.2
0.06594 -3.2 -1.2
0.06596 -3.2 -1.2
0.06598 -3 -1
0.066 -3 -0.8
0.06602 -2.8 -1
0.06604 -3 -0.8
0.06606 -3 -0.8
0.06608 -2.6 -0.8
0.0661 -2.6 -0.6
0.06612 -2.6 -0.4
0.06614 -2.6 -0.4
0.06616 -2.4 -0.6
0.06618 -2.6 -0.4
0.0662 -2.4 -0.4
0.06622 -2.4 0
0.06624 -2.2 0
0.06626 -2.2 0.2
0.06628 -2.2 0.2
0.0663 -1.8 0.4
0.06632 -2.2 0.4
0.06634 -1.8 0.6
0.06636 -1.8 0.6
0.06638 -1.8 0.8
0.0664 -1.8 0.8
0.06642 -1.6 1
0.06644 -1.6 1.2
0.06646 -1.8 1.2
0.06648 -1.4 1.4
0.0665 -1.2 1.4
0.06652 -1.4 1.4
0.06654 -1 1.6
0.06656 -1 1.6
0.06658 -1.2 2
0.0666 -1 2
0.06662 -1 2.2
0.06664 -1 2.2
0.06666 -1 2.6
0.06668 -0.8 2.6
0.0667 -0.8 2.8
0.06672 -0.8 2.6
0.06674 -0.6 2.8
0.06676 -0.6 2.8
0.06678 -0.4 3
0.0668 -0.4 3
0.06682 -0.4 3
0.06684 0 3.2
0.06686 0 3.2
0.06688 0 3.4
0.0669 0 3.4
0.06692 0.2 3.6
0.06694 0.2 3.6
0.06696 0.2 3.8
0.06698 0.4 3.8
0.067 0.4 3.8
0.06702 0.4 3.8
0.06704 0.4 4
0.06706 0.4 4.2
0.06708 0.6 4.2
0.0671 0.8 4.2
0.06712 0.8 4.2
0.06714 0.8 4.6
0.06716 0.8 4.6
0.06718 0.8 4.6
0.0672 1 4.6
0.06722 1 4.8
0.06724 1 5
0.06726 1.2 5
0.06728 1.2 5
0.0673 1.4 5
0.06732 1.4 5.2
0.06734 1.6 5.4
0.06736 1.6 5.4
0.06738 1.6 5.4
0.0674 1.6 5.6
0.06742 1.6 5.6
0.06744 1.8 5.8
0.06746 1.8 5.8
0.06748 1.8 5.8
0.0675 2 6
0.06752 2 6
0.06754 2 6
0.06756 2 6.2
0.06758 2 6.2
0.0676 2.4 6.2
0.06762 2.4 6.2
0.06764 2.4 6.4
0.06766 2.4 6.6
0.06768 2.4 6.6
0.0677 2.6 6.8
0.06772 2.6 6.8
0.06774 2.8 6.8
0.06776 2.8 6.8
0.06778 3 7
0.0678 2.8 7
0.06782 3 7.2
0.06784 3 7
0.06786 3 7.2
0.06788 3.2 7.4
0.0679 3.2 7.6
0.06792 3.2 7.6
0.06794 3.2 7.6
0.06796 3.2 7.6
0.06798 3.4 7.8
0.068 3.4 7.8
0.06802 3.6 8
0.06804 3.6 8
0.06806 3.6 7.8
0.06808 3.6 8.2
0.0681 3.6 8.2
0.06812 3.8 8.4
0.06814 3.8 8.2
0.06816 4 8.4
0.06818 4 8.4
0.0682 4 8.6
0.06822 4 8.4
0.06824 4.2 8.4
0.06826 4.2 8.4
0.06828 4.4 8.6
0.0683 4.2 8.6
0.06832 4.4 8.6
0.06834 4.4 8.4
0.06836 4.4 8.6
0.06838 4.4 8.6
0.0684 4.4 8.8
0.06842 4.6 8.6
0.06844 4.8 8.8
0.06846 4.8 8.6
0.06848 4.8 8.6
0.0685 4.6 8.6
0.06852 4.8 8.6
0.06854 4.8 8.8
0.06856 5 8.8
0.06858 5 9
0.0686 5 8.8
0.06862 5.2 9
0.06864 5.2 8.8
0.06866 5.2 9
0.06868 5.2 9
0.0687 5.2 9
0.06872 5.4 9
0.06874 5.4 9
0.06876 5.4 9
0.06878 5.6 9
0.0688 5.6 9
0.06882 5.6 9
0.06884 5.6 9.2
0.06886 5.8 9.2
0.06888 5.8 9.2
0.0689 5.8 9.2
0.06892 6 9
0.06894 5.8 9.2
0.06896 6.2 9.2
0.06898 6 9.2
0.069 6.2 9
0.06902 6 9.2
0.06904 6.4 9.2
0.06906 6.4 9.2
0.06908 6.2 9.2
0.0691 6.4 9.4
0.06912 6.4 9.4
0.06914 6.4 9.4
0.06916 6.6 9.4
0.06918 6.4 9.4
0.0692 6.4 9.4
0.06922 6.4 9.4
0.06924 6.4 9.2
0.06926 6.2 9.2
0.06928 6.2 9.2
0.0693 6 9.2
0.06932 6 9.2
0.06934 6 9.2
0.06936 6 9
0.06938 6 9.2
0.0694 6 9.2
0.06942 5.8 9.2
0.06944 5.6 9
0.06946 5.6 9
0.06948 5.6 9
0.0695 5.6 9
0.06952 5.6 8.8
0.06954 5.4 9
0.06956 5.4 8.8
0.06958 5.4 8.8
0.0696 5.2 8.8
0.06962 5.2 8.8
0.06964 5.2 8.8
0.06966 5.2 8.8
0.06968 5 8.8
0.0697 5 8.8
0.06972 5 8.6
0.06974 4.8 8.4
0.06976 4.8 8.6
0.06978 4.8 8.6
0.0698 4.6 8.6
0.06982 4.6 8.4
0.06984 4.8 8.6
0.06986 4.6 8.4
0.06988 4.6 8.6
0.0699 4.4 8.4
0.06992 4.4 8.6
0.06994 4.4 8.2
0.06996 4.2 8.4
0.06998 4.2 8.2
0.07 4.2 8.2
0.07002 4 8.2
0.07004 4 8.2
0.07006 4 8.2
0.07008 4 8.2
0.0701 4 8.2
0.07012 4 8.2
0.07014 3.8 8.2
0.07016 3.6 8
0.07018 3.6 8.2
0.0702 3.6 8
0.07022 3.6 7.8
0.07024 3.4 7.8
0.07026 3.4 7.6
0.07028 3.4 7.6
0.0703 3.4 7.8
0.07032 3.2 7.4
0.07034 3.2 7.6
0.07036 3.2 7.4
0.07038 3 7.4
0.0704 3 7.2
0.07042 3 7.2
0.07044 2.8 7
0.07046 2.8 7
0.07048 2.6 6.8
0.0705 2.6 6.8
0.07052 2.6 6.8
0.07054 2.4 6.6
0.07056 2.4 6.6
0.07058 2.4 6.2
0.0706 2.4 6.4
0.07062 2.4 6.2
0.07064 2 6.2
0.07066 2.2 6.2
0.07068 2 6.2
0.0707 1.8 6
0.07072 2 6
0.07074 1.8 5.8
0.07076 1.8 5.8
0.07078 1.6 5.6
0.0708 1.6 5.6
0.07082 1.6 5.6
0.07084 1.4 5.4
0.07086 1.6 5.4
0.07088 1.4 5.2
0.0709 1.2 5
0.07092 1.4 5.2
0.07094 1 5
0.07096 1.2 5
0.07098 1.2 4.6
0.071 1 4.8
0.07102 1 4.6
0.07104 1 4.4
0.07106 0.8 4.4
0.07108 0.8 4.4
0.0711 0.8 4.4
0.07112 0.6 4.4
0.07114 0.6 4.2
0.07116 0.6 4.2
0.07118 0.4 4
0.0712 0.4 4
0.07122 0.4 3.8
0.07124 0.4 3.6
0.07126 0.4 3.6
0.07128 0 3.4
0.0713 0.2 3.6
0.07132 0 3.4
0.07134 0 3.2
0.07136 0 3.2
0.07138 -0.4 3
0.0714 -0.4 3
0.07142 -0.6 3
0.07144 -0.6 2.8
0.07146 -0.6 2.8
0.07148 -0.6 2.6
0.0715 -0.6 2.6
0.07152 -0.8 2.6
0.07154 -0.8 2.4
0.07156 -1 2.2
0.07158 -1 2.4
0.0716 -1 2.2
0.07162 -1.2 2
0.07164 -1 2
0.07166 -1 1.8
0.07168 -1.4 1.8
0.0717 -1.4 1.8
0.07172 -1.4 1.4
0.07174 -1.6 1.4
0.07176 -1.6 1.2
0.07178 -1.6 1.2
0.0718 -1.8 1
0.07182 -1.8 0.8
0.07184 -1.8 0.8
0.07186 -2 0.8
0.07188 -2 0.6
0.0719 -2.2 0.4
0.07192 -2.2 0.2
0.07194 -2.2 0.4
0.07196 -2.2 0.2
0.07198 -2.4 0
0.072 -2.4 0
0.07202 -2.6 -0.4
0.07204 -2.4 -0.4
0.07206 -2.6 -0.6
0.07208 -2.6 -0.4
0.0721 -2.6 -0.6
0.07212 -2.8 -0.6
0.07214 -2.8 -0.6
0.07216 -2.8 -0.8
0.07218 -2.8 -1
0.0722 -3 -0.8
0.07222 -3 -1.2
0.07224 -3 -1.2
0.07226 -3.2 -1.2
0.07228 -3.4 -1.2
0.0723 -3.4 -1.4
0.07232 -3.4 -1.4
0.07234 -3.4 -1.4
0.07236 -3.4 -1.6
0.07238 -3.6 -1.6
0.0724 -3.6 -1.8
0.07242 -3.6 -1.8
0.07244 -3.8 -2
0.07246 -3.8 -2
0.07248 -4 -2
0.0725 -4 -2.2
0.07252 -4 -2.4
0.07254 -4 -2.2
0.07256 -4.2 -2.4
0.07258 -4.2 -2.6
0.0726 -4.2 -2.6
0.07262 -4.2 -2.6
0.07264 -4.2 -2.8
0.07266 -4.2 -2.8
0.07268 -4.4 -3
0.0727 -4.6 -3
0.07272 -4.6 -3.2
0.07274 -4.6 -3.2
0.07276 -4.8 -3.4
0.07278 -4.8 -3.4
0.0728 -4.8 -3.4
0.07282 -4.8 -3.2
0.07284 -5 -3.6
0.07286 -5 -3.6
0.07288 -5 -3.6
0.0729 -5.2 -3.8
0.07292 -5 -3.8
0.07294 -5.2 -4
0.07296 -5.4 -4
0.07298 -5.4 -4.2
0.073 -5.4 -4
0.07302 -5.6 -4.2
0.07304 -5.6 -4.4
0.07306 -5.6 -4.4
0.07308 -5.8 -4.4
0.0731 -5.8 -4.4
0.07312 -5.8 -4.6
0.07314 -6 -4.8
0.07316 -6 -4.6
0.07318 -6 -4.8
0.0732 -6.2 -5
0.07322 -6.2 -5
0.07324 -6.2 -5.2
0.07326 -6.2 -5.2
0.07328 -6.2 -5
0.0733 -6.4 -5.2
0.07332 -6.4 -5.2
0.07334 -6.4 -5.2
0.07336 -6.4 -5.2
0.07338 -6.6 -5.2
0.0734 -6.6 -5.2
0.07342 -6.6 -5.4
0.07344 -6.8 -5.6
0.07346 -6.8 -5.4
0.07348 -6.8 -5.4
0.0735 -7 -5.6
0.07352 -7 -5.6
0.07354 -7 -5.4
0.07356 -7 -5.6
0.07358 -7 -5.6
0.0736 -7.2 -5.6
0.07362 -7.2 -5.6
0.07364 -7.4 -5.6
0.07366 -7.4 -5.6
0.07368 -7.2 -5.6
0.0737 -7.4 -5.8
0.07372 -7.4 -5.8
0.07374 -7.4 -5.8
0.07376 -7.6 -5.8
0.07378 -7.6 -6
0.0738 -7.6 -5.8
0.07382 -7.8 -6
0.07384 -7.8 -5.8
0.07386 -7.8 -6
0.07388 -7.8 -5.8
0.0739 -7.8 -6
0.07392 -8 -6
0.07394 -8.2 -6
0.07396 -8 -6
0.07398 -8.2 -6
0.074 -8.2 -6.2
0.07402 -8.2 -6.2
0.07404 -8.2 -6
0.07406 -8.2 -6
0.07408 -8.4 -6.2
0.0741 -8.4 -6.2
0.07412 -8.6 -6.2
0.07414 -8.8 -6.2
0.07416 -8.8 -6.2
0.07418 -8.6 -6.4
0.0742 -8.8 -6.4
0.07422 -8.8 -6.4
0.07424 -9 -6.4
0.07426 -9 -6.4
0.07428 -9 -6.4
0.0743 -9 -6.4
0.07432 -9.2 -6.4
0.07434 -9 -6.4
0.07436 -9.2 -6.6
0.07438 -9.2 -6.4
0.0744 -9 -6.4
0.07442 -9 -6.4
0.07444 -9 -6.4
0.07446 -9 -6.6
0.07448 -9 -6.4
0.0745 -9 -6.4
0.07452 -8.6 -6.2
0.07454 -8.8 -6.4
0.07456 -8.8 -6.2
0.07458 -8.6 -6
0.0746 -8.6 -6.2
0.07462 -8.6 -6
0.07464 -8.4 -6.2
0.07466 -8.4 -6.2
0.07468 -8.4 -6
0.0747 -8.2 -6
0.07472 -8.2 -6.2
0.07474 -8.2 -6
0.07476 -8 -6
0.07478 -8 -6
0.0748 -8 -6
0.07482 -8 -5.8
0.07484 -7.8 -6
0.07486 -7.6 -5.8
0.07488 -8 -5.8
0.0749 -7.6 -5.8
0.07492 -7.6 -5.8
0.07494 -7.4 -5.8
0.07496 -7.4 -5.6
0.07498 -7.4 -5.6
0.075 -7.4 -5.6
0.07502 -7.4 -5.6
0.07504 -7.2 -5.6
0.07506 -7.2 -5.4
0.07508 -7.2 -5.4
0.0751 -7.2 -5.4
0.07512 -7.2 -5.6
0.07514 -7 -5.4
0.07516 -7 -5.2
0.07518 -6.8 -5.4
0.0752 -7 -5.4
0.07522 -6.8 -5.4
0.07524 -6.8 -5.4
0.07526 -6.6 -5.2
0.07528 -6.6 -5
0.0753 -6.6 -5.4
0.07532 -6.6 -5.2
0.07534 -6.6 -5
0.07536 -6.2 -5
0.07538 -6.4 -5
0.0754 -6.2 -5.2
0.07542 -6.2 -5
0.07544 -6.2 -5
0.07546 -6.2 -4.8
0.07548 -6.2 -4.8
0.0755 -5.8 -4.8
0.07552 -6 -4.8
0.07554 -5.8 -4.6
0.07556 -5.8 -4.6
0.07558 -5.8 -4.4
0.0756 -5.8 -4.4
0.07562 -5.8 -4.4
0.07564 -5.6 -4.2
0.07566 -5.4 -4.2
0.07568 -5.4 -4.2
0.0757 -5.4 -4.2
0.07572 -5.4 -4
0.07574 -5.2 -3.8
0.07576 -5.2 -3.8
0.07578 -5 -3.8
0.0758 -5 -3.8
0.07582 -5 -3.6
0.07584 -5 -3.4
0.07586 -5 -3.4
0.07588 -4.8 -3.4
0.0759 -4.8 -3.2
0.07592 -4.6 -3.2
0.07594 -4.6 -3.2
0.07596 -4.6 -3
0.07598 -4.6 -3
0.076 -4.4 -2.8
0.07602 -4.2 -2.8
0.07604 -4.4 -2.8
0.07606 -4.2 -2.6
0.07608 -4.2 -2.4
0.0761 -4.2 -2.4
0.07612 -4.2 -2.2
0.07614 -3.8 -2.2
0.07616 -4 -2.2
0.07618 -4 -2.2
0.0762 -3.8 -2
0.07622 -3.8 -2
0.07624 -3.8 -2
0.07626 -3.6 -1.8
0.07628 -3.4 -1.6
0.0763 -3.4 -1.6
0.07632 -3.4 -1.6
0.07634 -3.4 -1.4
0.07636 -3.2 -1.4
0.07638 -3.2 -1.2
0.0764 -3.2 -1.2
0.07642 -3.2 -1.2
0.07644 -3.2 -1
0.07646 -3.2 -1
0.07648 -3 -1
0.0765 -3 -0.6
0.07652 -3 -0.8
0.07654 -2.6 -0.6
0.07656 -2.6 -0.6
0.07658 -2.8 -0.4
0.0766 -2.6 -0.4
0.07662 -2.6 -0.4
0.07664 -2.4 -0.4
0.07666 -2.4 0
0.07668 -2.4 0
0.0767 -2.2 0.2
0.07672 -2.2 0
0.07674 -2.2 0.2
0.07676 -2.2 0.4
0.07678 -2 0.6
0.0768 -2 0.6
0.07682 -1.8 0.6
0.07684 -1.8 0.8
0.07686 -1.8 1
0.07688 -1.8 1
0.0769 -1.8 1.2
0.07692 -1.6 1.2
0.07694 -1.6 1.2
0.07696 -1.4 1.6
0.07698 -1.4 1.6
0.077 -1.2 1.6
0.07702 -1.4 2
0.07704 -1.2 2
0.07706 -1 2.2
0.07708 -1 2.2
0.0771 -1 2.2
0.07712 -1 2.4
0.07714 -0.8 2.4
0.07716 -0.8 2.6
0.07718 -0.6 2.6
0.0772 -0.6 2.8
0.07722 -0.4 2.8
0.07724 -0.4 3
0.07726 -0.4 3.2
0.07728 -0.4 3
0.0773 0 3.2
0.07732 0 3.4
0.07734 0 3.4
0.07736 0.2 3.4
0.07738 0.2 3.6
0.0774 0.2 3.8
0.07742 0.2 3.8
0.07744 0.4 3.6
0.07746 0.4 4
0.07748 0.4 4
0.0775 0.6 4
0.07752 0.6 4.4
0.07754 0.6 4.4
0.07756 0.8 4.2
0.07758 0.8 4.4
0.0776 0.8 4.4
0.07762 0.8 4.6
0.07764 0.8 4.8
0.07766 1 4.6
0.07768 1 4.6
0.0777 1.2 4.8
0.07772 1.2 5
0.07774 1.2 5
0.07776 1.2 5.2
0.07778 1.4 5.2
0.0778 1.4 5.4
0.07782 1.6 5.4
0.07784 1.6 5.4
0.07786 1.6 5.4
0.07788 1.6 5.6
0.0779 1.8 5.8
0.07792 1.8 5.6
0.07794 2 5.8
0.07796 2 5.8
0.07798 2 6
0.078 2 6
0.07802 2.2 6.2
0.07804 2 6.2
0.07806 2.2 6.2
0.07808 2.4 6.4
0.0781 2.4 6.4
0.07812 2.4 6.6
0.07814 2.6 6.6
0.07816 2.4 6.8
0.07818 2.6 6.8
0.0782 2.6 6.8
0.07822 2.8 7
0.07824 3 7
0.07826 2.8 7.2
0.07828 3 7.2
0.0783 3 7.2
0.07832 3 7.2
0.07834 3.2 7.4
0.07836 3.2 7.4
0.07838 3.2 7.6
0.0784 3.4 7.8
0.07842 3.4 7.6
0.07844 3.4 7.6
0.07846 3.6 7.8
0.07848 3.6 8
0.0785 3.8 8
0.07852 3.6 8
0.07854 3.6 8.2
0.07856 3.8 8.4
0.07858 4 8.4
0.0786 4 8.4
0.07862 4 8.4
0.07864 4 8.4
0.07866 4.2 8.4
0.07868 4 8.4
0.0787 4.2 8.4
0.07872 4.2 8.4
0.07874 4.4 8.6
0.07876 4.2 8.6
0.07878 4.4 8.6
0.0788 4.4 8.4
0.07882 4.6 8.6
0.07884 4.6 8.6
0.07886 4.6 8.6
0.07888 4.6 8.6
0.0789 4.6 8.6
0.07892 4.8 8.6
0.07894 4.8 8.8
0.07896 4.8 8.6
0.07898 4.8 8.6
0.079 4.8 8.8
0.07902 5 8.6
0.07904 5 9
0.07906 5 8.8
0.07908 5.2 8.8
0.0791 5.4 9
0.07912 5.2 9
0.07914 5.2 9
0.07916 5.2 8.8
0.07918 5.4 9
0.0792 5.6 9
0.07922 5.6 9
0.07924 5.6 9
0.07926 5.6 9
0.07928 5.6 9.2
0.0793 5.6 9.2
0.07932 5.8 9.2
0.07934 5.8 9.2
0.07936 5.8 9.2
0.07938 5.8 9.2
0.0794 6 9.2
0.07942 6 9.2
0.07944 6 9.4
0.07946 6 9.4
0.07948 6.2 9.2
0.0795 6.2 9.4
0.07952 6.2 9.4
0.07954 6.4 9.4
0.07956 6.4 9.4
0.07958 6.4 9.4
0.0796 6.4 9.4
0.07962 6.4 9.4
0.07964 6.4 9.2
0.07966 6.4 9.4
0.07968 6.4 9.4
0.0797 6.4 9.4
0.07972 6.4 9.4
0.07974 6.2 9.2
0.07976 6 9.4
0.07978 6 9.2
0.0798 6 9.4
0.07982 5.8 9.2
0.07984 5.8 9
0.07986 5.8 9.2
0.07988 5.8 9.2
0.0799 5.8 9
0.07992 5.6 9
0.07994 5.6 9
0.07996 5.6 8.8
0.07998 5.6 9
