0 5.76 -2.968
1e-08 5.76 -2.968
2e-08 5.76 -2.968
3e-08 5.76 -2.968
4e-08 5.76 -2.968
5e-08 5.76 -2.968
6e-08 5.76 -2.968
7e-08 5.76 -2.968
8e-08 5.84 -2.968
9e-08 5.76 -2.968
1e-07 5.76 -2.968
1.1e-07 5.76 -2.968
1.2e-07 5.76 -2.968
1.3e-07 5.76 -2.968
1.4e-07 5.76 -2.968
1.5e-07 5.76 -2.968
1.6e-07 5.76 -2.968
1.7e-07 5.76 -2.968
1.8e-07 5.76 -2.968
1.9e-07 5.76 -2.968
2e-07 5.76 -2.968
2.1e-07 5.76 -2.968
2.2e-07 5.76 -2.968
2.3e-07 5.76 -2.968
2.4e-07 5.76 -2.968
2.5e-07 5.76 -2.968
2.6e-07 5.76 -2.968
2.7e-07 5.76 -2.968
2.8e-07 5.76 -2.968
2.9e-07 5.76 -2.968
3e-07 5.76 -2.968
3.1e-07 5.76 -2.968
3.2e-07 5.76 -2.968
3.3e-07 5.76 -2.968
3.4e-07 5.76 -2.968
3.5e-07 5.76 -2.968
3.6e-07 5.76 -2.968
3.7e-07 5.76 -2.968
3.8e-07 5.76 -2.968
3.9e-07 5.76 -2.968
4e-07 5.76 -2.968
4.1e-07 5.76 -2.968
4.2e-07 5.76 -2.968
4.3e-07 5.76 -2.968
4.4e-07 5.76 -2.968
4.5e-07 5.76 -2.968
4.6e-07 5.76 -2.968
4.7e-07 5.76 -2.968
4.8e-07 5.76 -2.968
4.9e-07 5.76 -2.968
5e-07 5.76 -2.968
5.1e-07 5.76 -2.968
5.2e-07 5.76 -2.968
5.3e-07 5.76 -2.968
5.4e-07 5.76 -2.968
5.5e-07 5.76 -2.968
5.6e-07 5.76 -2.968
5.7e-07 5.76 -2.968
5.8e-07 5.76 -2.968
5.9e-07 5.76 -2.968
6e-07 5.76 -2.968
6.1e-07 5.76 -2.968
6.2e-07 5.76 -2.968
6.3e-07 5.76 -2.968
6.4e-07 5.76 -2.968
6.5e-07 5.68 -2.968
6.6e-07 5.76 -2.968
6.7e-07 5.76 -2.968
6.8e-07 5.76 -2.968
6.9e-07 5.76 -2.968
7e-07 5.76 -2.968
7.1e-07 5.76 -2.968
7.2e-07 5.76 -2.968
7.3e-07 5.76 -2.968
7.4e-07 5.76 -2.968
7.5e-07 5.76 -2.968
7.6e-07 5.76 -2.968
7.7e-07 5.76 -2.968
7.8e-07 5.76 -2.968
7.9e-07 5.76 -2.968
8e-07 5.76 -2.968
8.1e-07 5.76 -2.968
8.2e-07 5.76 -2.968
8.3e-07 5.76 -2.968
8.4e-07 5.76 -2.968
8.5e-07 5.76 -2.968
8.6e-07 5.76 -2.968
8.7e-07 5.76 -2.968
8.8e-07 5.76 -2.968
8.9e-07 5.76 -2.968
9e-07 5.76 -2.968
9.1e-07 5.76 -2.968
9.2e-07 5.76 -2.968
9.3e-07 5.76 -2.968
9.4e-07 5.76 -2.968
9.5e-07 5.76 -2.968
9.6e-07 5.76 -2.968
9.7e-07 5.76 -2.968
9.8e-07 5.76 -2.968
9.9e-07 5.76 -2.968
1e-06 5.76 -2.968
1.01e-06 5.76 -2.968
1.02e-06 5.68 -2.968
1.03e-06 5.76 -2.968
1.04e-06 5.76 -2.968
1.05e-06 5.76 -2.968
1.06e-06 5.76 -2.968
1.07e-06 5.76 -2.968
1.08e-06 5.76 -2.968
1.09e-06 5.76 -2.968
1.1e-06 5.76 -2.968
1.11e-06 5.76 -2.968
1.12e-06 5.76 -2.968
1.13e-06 5.76 -2.968
1.14e-06 5.76 -2.968
1.15e-06 5.76 -2.968
1.16e-06 5.76 -2.968
1.17e-06 5.76 -2.968
1.18e-06 5.76 -2.968
1.19e-06 5.76 -2.968
1.2e-06 5.76 -2.968
1.21e-06 5.76 -2.968
1.22e-06 5.76 -2.968
1.23e-06 5.76 -2.968
1.24e-06 5.76 -2.968
1.25e-06 5.76 -2.968
1.26e-06 5.76 -2.968
1.27e-06 5.76 -2.968
1.28e-06 5.76 -2.968
1.29e-06 5.76 -2.968
1.3e-06 5.76 -2.968
1.31e-06 5.76 -2.968
1.32e-06 5.76 -2.968
1.33e-06 5.76 -2.968
1.34e-06 5.76 -2.968
1.35e-06 5.76 -2.968
1.36e-06 5.76 -2.968
1.37e-06 5.76 -2.968
1.38e-06 5.76 -2.968
1.39e-06 5.76 -2.968
1.4e-06 5.76 -2.968
1.41e-06 5.76 -2.968
1.42e-06 5.76 -2.968
1.43e-06 5.76 -2.968
1.44e-06 5.76 -2.968
1.45e-06 5.76 -2.968
1.46e-06 5.76 -2.968
1.47e-06 5.76 -2.968
1.48e-06 5.76 -2.968
1.49e-06 5.76 -2.968
1.5e-06 5.76 -2.968
1.51e-06 5.76 -2.968
1.52e-06 5.76 -2.968
1.53e-06 5.76 -2.968
1.54e-06 5.76 -2.968
1.55e-06 5.76 -2.968
1.56e-06 5.76 -2.968
1.57e-06 5.76 -2.968
1.58e-06 5.76 -2.968
1.59e-06 5.76 -2.968
1.6e-06 5.76 -2.968
1.61e-06 5.76 -2.968
1.62e-06 5.76 -2.968
1.63e-06 5.76 -2.968
1.64e-06 5.76 -2.968
1.65e-06 5.76 -2.968
1.66e-06 5.76 -2.968
1.67e-06 5.76 -2.968
1.68e-06 5.76 -2.968
1.69e-06 5.76 -2.968
1.7e-06 5.76 -2.968
1.71e-06 5.76 -2.968
1.72e-06 5.76 -2.968
1.73e-06 5.76 -2.968
1.74e-06 5.76 -2.968
1.75e-06 5.76 -2.968
1.76e-06 5.76 -2.968
1.77e-06 5.76 -2.968
1.78e-06 5.84 -2.968
1.79e-06 5.84 -2.968
1.8e-06 5.76 -2.968
1.81e-06 5.76 -2.968
1.82e-06 5.76 -2.968
1.83e-06 5.76 -2.968
1.84e-06 5.76 -2.968
1.85e-06 5.76 -2.968
1.86e-06 5.76 -2.968
1.87e-06 5.76 -2.968
1.88e-06 5.76 -2.968
1.89e-06 5.76 -2.968
1.9e-06 5.76 -2.968
1.91e-06 5.76 -2.968
1.92e-06 5.84 -2.968
1.93e-06 5.76 -2.968
1.94e-06 5.76 -2.968
1.95e-06 5.76 -2.968
1.96e-06 5.76 -2.968
1.97e-06 5.76 -2.968
1.98e-06 5.76 -2.968
1.99e-06 5.76 -2.968
2e-06 5.76 -2.968
2.01e-06 5.76 -2.968
2.02e-06 5.76 -2.968
2.03e-06 5.76 -2.968
2.04e-06 5.76 -2.968
2.05e-06 5.68 -2.968
2.06e-06 5.76 -2.968
2.07e-06 5.76 -2.968
2.08e-06 5.76 -2.968
2.09e-06 5.76 -2.968
2.1e-06 5.76 -2.968
2.11e-06 5.76 -2.968
2.12e-06 5.76 -2.968
2.13e-06 5.76 -2.968
2.14e-06 5.84 -2.968
2.15e-06 5.76 -2.968
2.16e-06 5.76 -2.968
2.17e-06 5.76 -2.968
2.18e-06 5.76 -2.968
2.19e-06 5.76 -2.968
2.2e-06 5.76 -2.968
2.21e-06 5.76 -2.968
2.22e-06 5.76 -2.968
2.23e-06 5.76 -2.968
2.24e-06 5.76 -2.968
2.25e-06 5.76 -2.968
2.26e-06 5.76 -2.968
2.27e-06 5.76 -2.968
2.28e-06 5.76 -2.968
2.29e-06 5.76 -2.968
2.3e-06 5.76 -2.968
2.31e-06 5.76 -2.968
2.32e-06 5.76 -2.968
2.33e-06 5.76 -2.968
2.34e-06 5.84 -2.968
2.35e-06 5.76 -2.968
2.36e-06 5.76 -2.968
2.37e-06 5.76 -2.968
2.38e-06 5.76 -2.968
2.39e-06 5.76 -2.968
2.4e-06 5.76 -2.968
2.41e-06 5.76 -2.968
2.42e-06 5.76 -2.968
2.43e-06 5.76 -2.968
2.44e-06 5.76 -2.968
2.45e-06 5.76 -2.968
2.46e-06 5.76 -2.968
2.47e-06 5.76 -2.968
2.48e-06 5.76 -2.968
2.49e-06 5.76 -2.968
2.5e-06 5.76 -2.968
2.51e-06 5.76 -2.968
2.52e-06 5.76 -2.968
2.53e-06 5.76 -2.968
2.54e-06 5.76 -2.968
2.55e-06 5.76 -2.968
2.56e-06 5.76 -2.968
2.57e-06 5.76 -2.968
2.58e-06 5.76 -2.968
2.59e-06 5.76 -2.968
2.6e-06 5.76 -2.968
2.61e-06 5.76 -2.968
2.62e-06 5.76 -2.968
2.63e-06 5.76 -2.968
2.64e-06 5.76 -2.968
2.65e-06 5.76 -2.968
2.66e-06 5.76 -2.968
2.67e-06 5.76 -2.968
2.68e-06 5.76 -2.968
2.69e-06 5.76 -2.968
2.7e-06 5.76 -2.968
2.71e-06 5.76 -2.968
2.72e-06 5.76 -2.968
2.73e-06 5.76 -2.968
2.74e-06 5.76 -2.968
2.75e-06 5.76 -2.968
2.76e-06 5.76 -2.968
2.77e-06 5.76 -2.968
2.78e-06 5.76 -2.968
2.79e-06 5.76 -2.968
2.8e-06 5.76 -2.968
2.81e-06 5.76 -2.968
2.82e-06 5.76 -2.968
2.83e-06 5.76 -2.968
2.84e-06 5.76 -2.968
2.85e-06 5.76 -2.968
2.86e-06 5.76 -2.968
2.87e-06 5.76 -2.968
2.88e-06 5.76 -2.968
2.89e-06 5.76 -2.968
2.9e-06 5.76 -2.968
2.91e-06 5.76 -2.968
2.92e-06 5.76 -2.968
2.93e-06 5.76 -2.968
2.94e-06 5.76 -2.968
2.95e-06 5.76 -2.968
2.96e-06 5.76 -2.968
2.97e-06 5.76 -2.968
2.98e-06 5.76 -2.968
2.99e-06 5.76 -2.968
3e-06 5.76 -2.968
3.01e-06 5.76 -2.968
3.02e-06 5.76 -2.968
3.03e-06 5.76 -2.968
3.04e-06 5.76 -2.968
3.05e-06 5.76 -2.968
3.06e-06 5.76 -2.968
3.07e-06 5.76 -2.968
3.08e-06 5.76 -2.968
3.09e-06 5.76 -2.968
3.1e-06 5.76 -2.968
3.11e-06 5.76 -2.968
3.12e-06 5.76 -2.968
3.13e-06 5.76 -2.968
3.14e-06 5.68 -2.968
3.15e-06 5.76 -2.968
3.16e-06 5.76 -2.968
3.17e-06 5.76 -2.968
3.18e-06 5.76 -2.968
3.19e-06 5.76 -2.968
3.2e-06 5.76 -2.968
3.21e-06 5.76 -2.968
3.22e-06 5.76 -2.968
3.23e-06 5.76 -2.968
3.24e-06 5.76 -2.968
3.25e-06 5.76 -2.968
3.26e-06 5.76 -2.968
3.27e-06 5.76 -2.968
3.28e-06 5.76 -2.968
3.29e-06 5.76 -2.968
3.3e-06 5.76 -2.968
3.31e-06 5.76 -2.968
3.32e-06 5.76 -2.968
3.33e-06 5.76 -2.968
3.34e-06 5.76 -2.968
3.35e-06 5.76 -2.968
3.36e-06 5.76 -2.968
3.37e-06 5.76 -2.968
3.38e-06 5.76 -2.968
3.39e-06 5.84 -2.968
3.4e-06 5.76 -2.968
3.41e-06 5.76 -2.968
3.42e-06 5.76 -2.968
3.43e-06 5.76 -2.968
3.44e-06 5.76 -2.968
3.45e-06 5.76 -2.968
3.46e-06 5.76 -2.968
3.47e-06 5.76 -2.968
3.48e-06 5.76 -2.968
3.49e-06 5.76 -2.968
3.5e-06 5.76 -2.968
3.51e-06 5.76 -2.968
3.52e-06 5.76 -2.968
3.53e-06 5.76 -2.968
3.54e-06 5.76 -2.968
3.55e-06 5.76 -2.968
3.56e-06 5.76 -2.968
3.57e-06 5.76 -2.968
3.58e-06 5.76 -2.968
3.59e-06 5.76 -2.968
3.6e-06 5.76 -2.968
3.61e-06 5.76 -2.968
3.62e-06 5.76 -2.968
3.63e-06 5.76 -2.968
3.64e-06 5.76 -2.968
3.65e-06 5.76 -2.968
3.66e-06 5.76 -2.968
3.67e-06 5.76 -2.968
3.68e-06 5.76 -2.968
3.69e-06 5.76 -2.968
3.7e-06 5.76 -2.968
3.71e-06 5.76 -2.968
3.72e-06 5.76 -2.968
3.73e-06 5.76 -2.968
3.74e-06 5.76 -2.968
3.75e-06 5.76 -2.968
3.76e-06 5.76 -2.968
3.77e-06 5.76 -2.968
3.78e-06 5.76 -2.968
3.79e-06 5.76 -2.968
3.8e-06 5.76 -2.968
3.81e-06 5.76 -2.968
3.82e-06 5.76 -2.968
3.83e-06 5.76 -2.968
3.84e-06 5.76 -2.968
3.85e-06 5.76 -2.968
3.86e-06 5.76 -2.968
3.87e-06 5.76 -2.968
3.88e-06 5.76 -2.968
3.89e-06 5.76 -2.968
3.9e-06 5.76 -2.968
3.91e-06 5.76 -2.968
3.92e-06 5.76 -2.968
3.93e-06 5.76 -2.968
3.94e-06 5.76 -2.968
3.95e-06 5.76 -2.968
3.96e-06 5.76 -2.968
3.97e-06 5.76 -2.968
3.98e-06 5.76 -2.968
3.99e-06 5.76 -2.968
4e-06 5.76 -2.968
4.01e-06 5.76 -2.968
4.02e-06 5.76 -2.968
4.03e-06 5.76 -2.968
4.04e-06 5.76 -2.968
4.05e-06 5.76 -2.968
4.06e-06 5.76 -2.968
4.07e-06 5.76 -2.968
4.08e-06 5.76 -2.968
4.09e-06 5.76 -2.968
4.1e-06 5.76 -2.968
4.11e-06 5.76 -2.968
4.12e-06 5.76 -2.968
4.13e-06 5.76 -2.968
4.14e-06 5.76 -2.968
4.15e-06 5.76 -2.968
4.16e-06 5.76 -2.968
4.17e-06 5.76 -2.968
4.18e-06 5.76 -2.968
4.19e-06 5.84 -2.968
4.2e-06 5.76 -2.968
4.21e-06 5.76 -2.968
4.22e-06 5.76 -2.968
4.23e-06 5.76 -2.968
4.24e-06 5.76 -2.968
4.25e-06 5.76 -2.968
4.26e-06 5.76 -2.968
4.27e-06 5.76 -2.968
4.28e-06 5.76 -2.968
4.29e-06 5.76 -2.968
4.3e-06 5.76 -2.968
4.31e-06 5.76 -2.968
4.32e-06 5.76 -2.968
4.33e-06 5.76 -2.968
4.34e-06 5.76 -2.968
4.35e-06 5.76 -2.968
4.36e-06 5.76 -2.968
4.37e-06 5.76 -2.968
4.38e-06 5.76 -2.968
4.39e-06 5.76 -2.968
4.4e-06 5.76 -2.968
4.41e-06 5.76 -2.968
4.42e-06 5.76 -2.968
4.43e-06 5.76 -2.968
4.44e-06 5.76 -2.968
4.45e-06 5.76 -2.968
4.46e-06 5.76 -2.968
4.47e-06 5.76 -2.968
4.48e-06 5.76 -2.968
4.49e-06 5.76 -2.968
4.5e-06 5.76 -2.968
4.51e-06 5.76 -2.968
4.52e-06 5.76 -2.968
4.53e-06 5.76 -2.968
4.54e-06 5.76 -2.968
4.55e-06 5.76 -2.968
4.56e-06 5.76 -2.968
4.57e-06 5.76 -2.968
4.58e-06 5.76 -2.968
4.59e-06 5.76 -2.968
4.6e-06 5.76 -2.968
4.61e-06 5.76 -2.968
4.62e-06 5.76 -2.968
4.63e-06 5.76 -2.968
4.64e-06 5.76 -2.968
4.65e-06 5.76 -2.968
4.66e-06 5.76 -2.968
4.67e-06 5.76 -2.968
4.68e-06 5.76 -2.968
4.69e-06 5.76 -2.968
4.7e-06 5.76 -2.968
4.71e-06 5.76 -2.968
4.72e-06 5.76 -2.968
4.73e-06 5.68 -2.968
4.74e-06 5.76 -2.968
4.75e-06 5.76 -2.968
4.76e-06 5.76 -2.968
4.77e-06 5.76 -2.968
4.78e-06 5.76 -2.968
4.79e-06 5.76 -2.968
4.8e-06 5.76 -2.968
4.81e-06 5.76 -2.968
4.82e-06 5.76 -2.968
4.83e-06 5.76 -2.968
4.84e-06 5.76 -2.968
4.85e-06 5.76 -2.968
4.86e-06 5.76 -2.968
4.87e-06 5.76 -2.968
4.88e-06 5.76 -2.968
4.89e-06 5.76 -2.968
4.9e-06 5.76 -2.968
4.91e-06 5.76 -2.968
4.92e-06 5.76 -2.968
4.93e-06 5.76 -2.968
4.94e-06 5.76 -2.968
4.95e-06 5.76 -2.968
4.96e-06 5.76 -2.968
4.97e-06 5.76 -2.968
4.98e-06 5.76 -2.968
4.99e-06 5.76 -2.968
5e-06 5.76 -2.968
5.01e-06 5.76 -2.968
5.02e-06 5.76 -2.968
5.03e-06 5.76 -2.968
5.04e-06 5.76 -2.968
5.05e-06 5.76 -2.968
5.06e-06 5.76 -2.968
5.07e-06 5.76 -2.968
5.08e-06 5.76 -2.968
5.09e-06 5.76 -2.968
5.1e-06 5.76 -2.968
5.11e-06 5.76 -2.968
5.12e-06 5.76 -2.968
5.13e-06 5.76 -2.968
5.14e-06 5.76 -2.968
5.15e-06 5.76 -2.968
5.16e-06 5.76 -2.968
5.17e-06 5.76 -2.968
5.18e-06 5.76 -2.968
5.19e-06 5.76 -2.968
5.2e-06 5.76 -2.968
5.21e-06 5.76 -2.968
5.22e-06 5.76 -2.968
5.23e-06 5.76 -2.968
5.24e-06 5.76 -2.968
5.25e-06 5.76 -2.968
5.26e-06 5.76 -2.968
5.27e-06 5.76 -2.968
5.28e-06 5.76 -2.968
5.29e-06 5.76 -2.968
5.3e-06 5.76 -2.968
5.31e-06 5.76 -2.968
5.32e-06 5.76 -2.968
5.33e-06 5.76 -2.968
5.34e-06 5.76 -2.968
5.35e-06 5.76 -2.968
5.36e-06 5.76 -2.968
5.37e-06 5.76 -2.968
5.38e-06 5.76 -2.968
5.39e-06 5.76 -2.968
5.4e-06 5.76 -2.968
5.41e-06 5.76 -2.968
5.42e-06 5.76 -2.968
5.43e-06 5.76 -2.968
5.44e-06 5.76 -2.968
5.45e-06 5.76 -2.968
5.46e-06 5.76 -2.968
5.47e-06 5.76 -2.968
5.48e-06 5.84 -2.968
5.49e-06 5.76 -2.968
5.5e-06 5.76 -2.968
5.51e-06 5.76 -2.968
5.52e-06 5.76 -2.968
5.53e-06 5.76 -2.968
5.54e-06 5.76 -2.968
5.55e-06 5.76 -2.968
5.56e-06 5.76 -2.968
5.57e-06 5.76 -2.968
5.58e-06 5.76 -2.968
5.59e-06 5.76 -2.968
5.6e-06 5.76 -2.968
5.61e-06 5.76 -2.968
5.62e-06 5.76 -2.968
5.63e-06 5.76 -2.968
5.64e-06 5.76 -2.968
5.65e-06 5.76 -2.968
5.66e-06 5.84 -2.968
5.67e-06 5.76 -2.968
5.68e-06 5.84 -2.968
5.69e-06 5.76 -2.968
5.7e-06 5.76 -2.968
5.71e-06 5.76 -2.968
5.72e-06 5.76 -2.968
5.73e-06 5.76 -2.968
5.74e-06 5.76 -2.968
5.75e-06 5.76 -2.968
5.76e-06 5.76 -2.968
5.77e-06 5.76 -2.968
5.78e-06 5.76 -2.968
5.79e-06 5.76 -2.968
5.8e-06 5.76 -2.968
5.81e-06 5.76 -2.968
5.82e-06 5.76 -2.968
5.83e-06 5.76 -2.968
5.84e-06 5.76 -2.968
5.85e-06 5.76 -2.968
5.86e-06 5.76 -2.968
5.87e-06 5.76 -2.968
5.88e-06 5.76 -2.968
5.89e-06 5.76 -2.968
5.9e-06 5.76 -2.968
5.91e-06 5.76 -2.968
5.92e-06 5.76 -2.968
5.93e-06 5.76 -2.968
5.94e-06 5.76 -2.968
5.95e-06 5.76 -2.968
5.96e-06 5.76 -2.968
5.97e-06 5.76 -2.968
5.98e-06 5.76 -2.968
5.99e-06 5.76 -2.968
6e-06 5.76 -2.968
6.01e-06 5.76 -2.968
6.02e-06 5.76 -2.968
6.03e-06 5.76 -2.968
6.04e-06 5.76 -2.968
6.05e-06 5.76 -2.968
6.06e-06 5.76 -2.968
6.07e-06 5.76 -2.968
6.08e-06 5.76 -2.968
6.09e-06 5.76 -2.968
6.1e-06 5.76 -2.968
6.11e-06 5.76 -2.968
6.12e-06 5.76 -2.968
6.13e-06 5.76 -2.968
6.14e-06 5.76 -2.968
6.15e-06 5.76 -2.968
6.16e-06 5.76 -2.968
6.17e-06 5.76 -2.968
6.18e-06 5.76 -2.968
6.19e-06 5.76 -2.968
6.2e-06 5.76 -2.968
6.21e-06 5.76 -2.968
6.22e-06 5.76 -2.968
6.23e-06 5.76 -2.968
6.24e-06 5.76 -2.968
6.25e-06 5.76 -2.968
6.26e-06 5.76 -2.968
6.27e-06 5.76 -2.968
6.28e-06 5.76 -2.968
6.29e-06 5.76 -2.968
6.3e-06 5.76 -2.968
6.31e-06 5.76 -2.968
6.32e-06 5.76 -2.968
6.33e-06 5.76 -2.968
6.34e-06 5.68 -2.968
6.35e-06 5.76 -2.968
6.36e-06 5.76 -2.968
6.37e-06 5.76 -2.968
6.38e-06 5.76 -2.968
6.39e-06 5.76 -2.968
6.4e-06 5.76 -2.968
6.41e-06 5.76 -2.968
6.42e-06 5.76 -2.968
6.43e-06 5.76 -2.968
6.44e-06 5.76 -2.968
6.45e-06 5.76 -2.968
6.46e-06 5.76 -2.968
6.47e-06 5.76 -2.968
6.48e-06 5.76 -2.968
6.49e-06 5.76 -2.968
6.5e-06 5.76 -2.968
6.51e-06 5.76 -2.968
6.52e-06 5.76 -2.968
6.53e-06 5.76 -2.968
6.54e-06 5.76 -2.968
6.55e-06 5.76 -2.968
6.56e-06 5.76 -2.968
6.57e-06 5.76 -2.968
6.58e-06 5.76 -2.968
6.59e-06 5.76 -2.968
6.6e-06 5.76 -2.968
6.61e-06 5.76 -2.968
6.62e-06 5.76 -2.968
6.63e-06 5.76 -2.968
6.64e-06 5.76 -2.968
6.65e-06 5.76 -2.968
6.66e-06 5.76 -2.968
6.67e-06 5.76 -2.968
6.68e-06 5.76 -2.968
6.69e-06 5.76 -2.968
6.7e-06 5.76 -2.968
6.71e-06 5.76 -2.968
6.72e-06 5.76 -2.968
6.73e-06 5.76 -2.968
6.74e-06 5.76 -2.968
6.75e-06 5.76 -2.968
6.76e-06 5.84 -2.968
6.77e-06 5.76 -2.968
6.78e-06 5.76 -2.968
6.79e-06 5.76 -2.968
6.8e-06 5.76 -2.968
6.81e-06 5.76 -2.968
6.82e-06 5.76 -2.968
6.83e-06 5.76 -2.968
6.84e-06 5.76 -2.968
6.85e-06 5.76 -2.968
6.86e-06 5.76 -2.968
6.87e-06 5.76 -2.968
6.88e-06 5.76 -2.968
6.89e-06 5.76 -2.968
6.9e-06 5.68 -2.968
6.91e-06 5.76 -2.968
6.92e-06 5.76 -2.968
6.93e-06 5.76 -2.968
6.94e-06 5.76 -2.968
6.95e-06 5.76 -2.968
6.96e-06 5.76 -2.968
6.97e-06 5.76 -2.968
6.98e-06 5.76 -2.968
6.99e-06 5.76 -2.968
7e-06 5.76 -2.968
7.01e-06 5.76 -2.968
7.02e-06 5.76 -2.968
7.03e-06 5.76 -2.968
7.04e-06 5.76 -2.968
7.05e-06 5.76 -2.968
7.06e-06 5.76 -2.968
7.07e-06 5.76 -2.968
7.08e-06 5.76 -2.968
7.09e-06 5.76 -2.968
7.1e-06 5.76 -2.968
7.11e-06 5.76 -2.968
7.12e-06 5.76 -2.968
7.13e-06 5.76 -2.968
7.14e-06 5.76 -2.968
7.15e-06 5.76 -2.968
7.16e-06 5.76 -2.968
7.17e-06 5.76 -2.968
7.18e-06 5.76 -2.968
7.19e-06 5.76 -2.968
7.2e-06 5.76 -2.968
7.21e-06 5.76 -2.968
7.22e-06 5.76 -2.968
7.23e-06 5.84 -2.968
7.24e-06 5.76 -2.968
7.25e-06 5.76 -2.968
7.26e-06 5.76 -2.968
7.27e-06 5.76 -2.968
7.28e-06 5.76 -2.968
7.29e-06 5.76 -2.968
7.3e-06 5.76 -2.968
7.31e-06 5.76 -2.968
7.32e-06 5.76 -2.968
7.33e-06 5.76 -2.968
7.34e-06 5.76 -2.968
7.35e-06 5.76 -2.968
7.36e-06 5.76 -2.968
7.37e-06 5.76 -2.968
7.38e-06 5.76 -2.968
7.39e-06 5.76 -2.968
7.4e-06 5.76 -2.968
7.41e-06 5.76 -2.968
7.42e-06 5.76 -2.968
7.43e-06 5.76 -2.968
7.44e-06 5.76 -2.968
7.45e-06 5.76 -2.968
7.46e-06 5.76 -2.968
7.47e-06 5.76 -2.968
7.48e-06 5.76 -2.968
7.49e-06 5.76 -2.968
7.5e-06 5.76 -2.968
7.51e-06 5.76 -2.968
7.52e-06 5.76 -2.968
7.53e-06 5.76 -2.968
7.54e-06 5.76 -2.968
7.55e-06 5.76 -2.968
7.56e-06 5.76 -2.968
7.57e-06 5.76 -2.968
7.58e-06 5.76 -2.968
7.59e-06 5.76 -2.968
7.6e-06 5.76 -2.968
7.61e-06 5.76 -2.968
7.62e-06 5.76 -2.968
7.63e-06 5.76 -2.968
7.64e-06 5.76 -2.968
7.65e-06 5.76 -2.968
7.66e-06 5.76 -2.968
7.67e-06 5.76 -2.968
7.68e-06 5.76 -2.968
7.69e-06 5.76 -2.968
7.7e-06 5.76 -2.968
7.71e-06 5.76 -2.968
7.72e-06 5.76 -2.968
7.73e-06 5.76 -2.968
7.74e-06 5.76 -2.968
7.75e-06 5.76 -2.968
7.76e-06 5.76 -2.968
7.77e-06 5.76 -2.968
7.78e-06 5.76 -2.968
7.79e-06 5.76 -2.968
7.8e-06 5.76 -2.968
7.81e-06 5.76 -2.968
7.82e-06 5.76 -2.968
7.83e-06 5.76 -2.968
7.84e-06 5.76 -2.968
7.85e-06 5.76 -2.968
7.86e-06 5.76 -2.968
7.87e-06 5.76 -2.968
7.88e-06 5.76 -2.968
7.89e-06 5.76 -2.968
7.9e-06 5.76 -2.968
7.91e-06 5.76 -2.968
7.92e-06 5.76 -2.968
7.93e-06 5.76 -2.968
7.94e-06 5.76 -2.968
7.95e-06 5.76 -2.968
7.96e-06 5.76 -2.968
7.97e-06 5.76 -2.968
7.98e-06 5.76 -2.968
7.99e-06 5.76 -2.968
8e-06 5.76 -2.968
8.01e-06 5.76 -2.968
8.02e-06 5.76 -2.968
8.03e-06 5.76 -2.968
8.04e-06 5.76 -2.968
8.05e-06 5.76 -2.968
8.06e-06 5.76 -2.968
8.07e-06 5.76 -2.968
8.08e-06 5.76 -2.968
8.09e-06 5.76 -2.968
8.1e-06 5.76 -2.968
8.11e-06 5.76 -2.968
8.12e-06 5.76 -2.968
8.13e-06 5.76 -2.968
8.14e-06 5.76 -2.968
8.15e-06 5.76 -2.968
8.16e-06 5.76 -2.968
8.17e-06 5.76 -2.968
8.18e-06 5.76 -2.968
8.19e-06 5.76 -2.968
8.2e-06 5.76 -2.968
8.21e-06 5.76 -2.968
8.22e-06 5.76 -2.968
8.23e-06 5.76 -2.968
8.24e-06 5.76 -2.968
8.25e-06 5.76 -2.968
8.26e-06 5.76 -2.968
8.27e-06 5.76 -2.968
8.28e-06 5.76 -2.968
8.29e-06 5.76 -2.968
8.3e-06 5.76 -2.968
8.31e-06 5.76 -2.968
8.32e-06 5.76 -2.968
8.33e-06 5.76 -2.968
8.34e-06 5.76 -2.968
8.35e-06 5.76 -2.968
8.36e-06 5.76 -2.968
8.37e-06 5.76 -2.968
8.38e-06 5.76 -2.968
8.39e-06 5.76 -2.968
8.4e-06 5.76 -2.968
8.41e-06 5.76 -2.968
8.42e-06 5.76 -2.968
8.43e-06 5.76 -2.968
8.44e-06 5.76 -2.968
8.45e-06 5.76 -2.968
8.46e-06 5.76 -2.968
8.47e-06 5.76 -2.968
8.48e-06 5.76 -2.968
8.49e-06 5.76 -2.968
8.5e-06 5.76 -2.968
8.51e-06 5.76 -2.968
8.52e-06 5.76 -2.968
8.53e-06 5.76 -2.968
8.54e-06 5.76 -2.968
8.55e-06 5.76 -2.968
8.56e-06 5.76 -2.968
8.57e-06 5.76 -2.968
8.58e-06 5.76 -2.968
8.59e-06 5.76 -2.968
8.6e-06 5.76 -2.968
8.61e-06 5.76 -2.968
8.62e-06 5.76 -2.968
8.63e-06 5.76 -2.968
8.64e-06 5.76 -2.968
8.65e-06 5.76 -2.968
8.66e-06 5.76 -2.968
8.67e-06 5.76 -2.968
8.68e-06 5.76 -2.968
8.69e-06 5.76 -2.968
8.7e-06 5.76 -2.968
8.71e-06 5.76 -2.968
8.72e-06 5.76 -2.968
8.73e-06 5.76 -2.968
8.74e-06 5.76 -2.968
8.75e-06 5.76 -2.968
8.76e-06 5.76 -2.968
8.77e-06 5.76 -2.968
8.78e-06 5.76 -2.968
8.79e-06 5.76 -2.968
8.8e-06 5.76 -2.968
8.81e-06 5.76 -2.968
8.82e-06 5.76 -2.968
8.83e-06 5.76 -2.968
8.84e-06 5.76 -2.968
8.85e-06 5.76 -2.968
8.86e-06 5.76 -2.968
8.87e-06 5.76 -2.968
8.88e-06 5.76 -2.968
8.89e-06 5.76 -2.968
8.9e-06 5.76 -2.968
8.91e-06 5.76 -2.968
8.92e-06 5.76 -2.968
8.93e-06 5.76 -2.968
8.94e-06 5.76 -2.968
8.95e-06 5.76 -2.968
8.96e-06 5.76 -2.968
8.97e-06 5.76 -2.968
8.98e-06 5.76 -2.968
8.99e-06 5.76 -2.968
9e-06 5.76 -2.968
9.01e-06 5.76 -2.968
9.02e-06 5.76 -2.968
9.03e-06 5.76 -2.968
9.04e-06 5.76 -2.968
9.05e-06 5.76 -2.968
9.06e-06 5.76 -2.968
9.07e-06 5.76 -2.968
9.08e-06 5.76 -2.968
9.09e-06 5.76 -2.968
9.1e-06 5.76 -2.968
9.11e-06 5.76 -2.968
9.12e-06 5.76 -2.968
9.13e-06 5.76 -2.968
9.14e-06 5.76 -2.968
9.15e-06 5.76 -2.968
9.16e-06 5.76 -2.968
9.17e-06 5.76 -2.968
9.18e-06 5.76 -2.968
9.19e-06 5.76 -2.968
9.2e-06 5.76 -2.968
9.21e-06 5.76 -2.968
9.22e-06 5.76 -2.968
9.23e-06 5.76 -2.968
9.24e-06 5.76 -2.968
9.25e-06 5.76 -2.968
9.26e-06 5.76 -2.968
9.27e-06 5.76 -2.968
9.28e-06 5.76 -2.968
9.29e-06 5.76 -2.968
9.3e-06 5.76 -2.968
9.31e-06 5.76 -2.968
9.32e-06 5.76 -2.968
9.33e-06 5.76 -2.968
9.34e-06 5.76 -2.968
9.35e-06 5.76 -2.968
9.36e-06 5.76 -2.968
9.37e-06 5.76 -2.968
9.38e-06 5.76 -2.968
9.39e-06 5.76 -2.968
9.4e-06 5.76 -2.968
9.41e-06 5.76 -2.968
9.42e-06 5.76 -2.968
9.43e-06 5.76 -2.968
9.44e-06 5.76 -2.968
9.45e-06 5.76 -2.968
9.46e-06 5.76 -2.968
9.47e-06 5.76 -2.968
9.48e-06 5.76 -2.968
9.49e-06 5.76 -2.968
9.5e-06 5.76 -2.968
9.51e-06 5.76 -2.968
9.52e-06 5.76 -2.968
9.53e-06 5.76 -2.968
9.54e-06 5.76 -2.968
9.55e-06 5.76 -2.968
9.56e-06 5.76 -2.968
9.57e-06 5.76 -2.968
9.58e-06 5.76 -2.968
9.59e-06 5.76 -2.968
9.6e-06 5.76 -2.968
9.61e-06 5.76 -2.968
9.62e-06 5.76 -2.968
9.63e-06 5.76 -2.968
9.64e-06 5.76 -2.968
9.65e-06 5.76 -2.968
9.66e-06 5.76 -2.968
9.67e-06 5.76 -2.968
9.68e-06 5.76 -2.968
9.69e-06 5.76 -2.968
9.7e-06 5.76 -2.968
9.71e-06 5.76 -2.968
9.72e-06 5.76 -2.968
9.73e-06 5.76 -2.968
9.74e-06 5.76 -2.968
9.75e-06 5.76 -2.968
9.76e-06 5.76 -2.968
9.77e-06 5.76 -2.968
9.78e-06 5.76 -2.968
9.79e-06 5.76 -2.968
9.8e-06 5.76 -2.968
9.81e-06 5.76 -2.968
9.82e-06 5.76 -2.968
9.83e-06 5.76 -2.968
9.84e-06 5.76 -2.968
9.85e-06 5.76 -2.968
9.86e-06 5.76 -2.968
9.87e-06 5.76 -2.968
9.88e-06 5.76 -2.968
9.89e-06 5.76 -2.968
9.9e-06 5.76 -2.968
9.91e-06 5.76 -2.968
9.92e-06 5.76 -2.968
9.93e-06 5.76 -2.968
9.94e-06 5.76 -2.968
9.95e-06 5.76 -2.968
9.96e-06 5.76 -2.968
9.97e-06 5.76 -2.968
9.98e-06 5.76 -2.968
9.99e-06 5.76 -2.968
1e-05 5.76 -2.968
1.001e-05 5.76 -2.968
1.002e-05 5.76 -2.968
1.003e-05 5.76 -2.968
1.004e-05 5.76 -2.968
1.005e-05 5.76 -2.968
1.006e-05 5.76 -2.968
1.007e-05 5.76 -2.968
1.008e-05 5.76 -2.968
1.009e-05 5.76 -2.968
1.01e-05 5.76 -2.968
1.011e-05 5.76 -2.968
1.012e-05 5.76 -2.968
1.013e-05 5.76 -2.968
1.014e-05 5.76 -2.968
1.015e-05 5.76 -2.968
1.016e-05 5.76 -2.968
1.017e-05 5.76 -2.968
1.018e-05 5.76 -2.968
1.019e-05 5.76 -2.968
1.02e-05 5.76 -2.968
1.021e-05 5.76 -2.968
1.022e-05 5.76 -2.968
1.023e-05 5.76 -2.968
1.024e-05 5.76 -2.968
1.025e-05 5.76 -2.968
1.026e-05 5.76 -2.968
1.027e-05 5.76 -2.968
1.028e-05 5.76 -2.968
1.029e-05 5.76 -2.968
1.03e-05 5.76 -2.968
1.031e-05 5.76 -2.968
1.032e-05 5.76 -2.968
1.033e-05 5.76 -2.968
1.034e-05 5.76 -2.968
1.035e-05 5.76 -2.968
1.036e-05 5.68 -2.968
1.037e-05 5.76 -2.968
1.038e-05 5.76 -2.968
1.039e-05 5.76 -2.968
1.04e-05 5.76 -2.968
1.041e-05 5.76 -2.968
1.042e-05 5.76 -2.968
1.043e-05 5.76 -2.968
1.044e-05 5.76 -2.968
1.045e-05 5.76 -2.968
1.046e-05 5.76 -2.968
1.047e-05 5.76 -2.968
1.048e-05 5.76 -2.968
1.049e-05 5.76 -2.968
1.05e-05 5.76 -2.968
1.051e-05 5.76 -2.968
1.052e-05 5.76 -2.968
1.053e-05 5.76 -2.968
1.054e-05 5.76 -2.968
1.055e-05 5.76 -2.968
1.056e-05 5.76 -2.968
1.057e-05 5.76 -2.968
1.058e-05 5.76 -2.968
1.059e-05 5.76 -2.968
1.06e-05 5.76 -2.968
1.061e-05 5.76 -2.968
1.062e-05 5.76 -2.968
1.063e-05 5.76 -2.968
1.064e-05 5.76 -2.968
1.065e-05 5.76 -2.968
1.066e-05 5.76 -2.968
1.067e-05 5.76 -2.968
1.068e-05 5.76 -2.968
1.069e-05 5.76 -2.968
1.07e-05 5.76 -2.968
1.071e-05 5.76 -2.968
1.072e-05 5.76 -2.968
1.073e-05 5.76 -2.968
1.074e-05 5.76 -2.968
1.075e-05 5.76 -2.968
1.076e-05 5.76 -2.968
1.077e-05 5.76 -2.968
1.078e-05 5.76 -2.968
1.079e-05 5.76 -2.968
1.08e-05 5.76 -2.968
1.081e-05 5.76 -2.968
1.082e-05 5.76 -2.968
1.083e-05 5.76 -2.968
1.084e-05 5.76 -2.968
1.085e-05 5.76 -2.968
1.086e-05 5.76 -2.968
1.087e-05 5.76 -2.968
1.088e-05 5.76 -2.968
1.089e-05 5.76 -2.968
1.09e-05 5.76 -2.968
1.091e-05 5.76 -2.968
1.092e-05 5.76 -2.968
1.093e-05 5.76 -2.968
1.094e-05 5.76 -2.968
1.095e-05 5.76 -2.968
1.096e-05 5.76 -2.968
1.097e-05 5.76 -2.968
1.098e-05 5.76 -2.968
1.099e-05 5.76 -2.968
1.1e-05 5.76 -2.968
1.101e-05 5.76 -2.968
1.102e-05 5.76 -2.968
1.103e-05 5.76 -2.968
1.104e-05 5.76 -2.968
1.105e-05 5.76 -2.968
1.106e-05 5.76 -2.968
1.107e-05 5.76 -2.968
1.108e-05 5.76 -2.968
1.109e-05 5.76 -2.968
1.11e-05 5.76 -2.968
1.111e-05 5.76 -2.968
1.112e-05 5.76 -2.968
1.113e-05 5.76 -2.968
1.114e-05 5.76 -2.968
1.115e-05 5.76 -2.968
1.116e-05 5.76 -2.968
1.117e-05 5.76 -2.968
1.118e-05 5.76 -2.968
1.119e-05 5.76 -2.968
1.12e-05 5.76 -2.968
1.121e-05 5.76 -2.968
1.122e-05 5.76 -2.968
1.123e-05 5.76 -2.968
1.124e-05 5.68 -2.968
1.125e-05 5.76 -2.968
1.126e-05 5.76 -2.968
1.127e-05 5.76 -2.968
1.128e-05 5.76 -2.968
1.129e-05 5.84 -2.968
1.13e-05 5.76 -2.968
1.131e-05 5.76 -2.968
1.132e-05 5.76 -2.968
1.133e-05 5.76 -2.968
1.134e-05 5.76 -2.968
1.135e-05 5.76 -2.968
1.136e-05 5.76 -2.968
1.137e-05 5.76 -2.968
1.138e-05 5.76 -2.968
1.139e-05 5.76 -2.968
1.14e-05 5.76 -2.968
1.141e-05 5.76 -2.968
1.142e-05 5.76 -2.968
1.143e-05 5.76 -2.968
1.144e-05 5.76 -2.968
1.145e-05 5.76 -2.968
1.146e-05 5.76 -2.968
1.147e-05 5.76 -2.968
1.148e-05 5.76 -2.968
1.149e-05 5.76 -2.968
1.15e-05 5.76 -2.968
1.151e-05 5.76 -2.968
1.152e-05 5.76 -2.968
1.153e-05 5.68 -2.968
1.154e-05 5.76 -2.968
1.155e-05 5.76 -2.968
1.156e-05 5.76 -2.968
1.157e-05 5.76 -2.968
1.158e-05 5.76 -2.968
1.159e-05 5.76 -2.968
1.16e-05 5.76 -2.968
1.161e-05 5.76 -2.968
1.162e-05 5.76 -2.968
1.163e-05 5.76 -2.968
1.164e-05 5.76 -2.968
1.165e-05 5.76 -2.968
1.166e-05 5.76 -2.968
1.167e-05 5.76 -2.968
1.168e-05 5.76 -2.968
1.169e-05 5.76 -2.968
1.17e-05 5.76 -2.968
1.171e-05 5.76 -2.968
1.172e-05 5.76 -2.968
1.173e-05 5.76 -2.968
1.174e-05 5.76 -2.968
1.175e-05 5.76 -2.968
1.176e-05 5.76 -2.968
1.177e-05 5.76 -2.968
1.178e-05 5.76 -2.968
1.179e-05 5.76 -2.968
1.18e-05 5.76 -2.968
1.181e-05 5.76 -2.968
1.182e-05 5.76 -2.968
1.183e-05 5.76 -2.968
1.184e-05 5.76 -2.968
1.185e-05 5.76 -2.968
1.186e-05 5.76 -2.968
1.187e-05 5.76 -2.968
1.188e-05 5.76 -2.968
1.189e-05 5.76 -2.968
1.19e-05 5.68 -2.968
1.191e-05 5.76 -2.968
1.192e-05 5.76 -2.968
1.193e-05 5.76 -2.968
1.194e-05 5.76 -2.968
1.195e-05 5.76 -2.968
1.196e-05 5.76 -2.968
1.197e-05 5.76 -2.968
1.198e-05 5.76 -2.968
1.199e-05 5.76 -2.968
1.2e-05 5.76 -2.968
1.201e-05 5.76 -2.968
1.202e-05 5.76 -2.968
1.203e-05 5.76 -2.968
1.204e-05 5.76 -2.968
1.205e-05 5.76 -2.968
1.206e-05 5.76 -2.968
1.207e-05 5.76 -2.968
1.208e-05 5.76 -2.968
1.209e-05 5.76 -2.968
1.21e-05 5.76 -2.968
1.211e-05 5.76 -2.968
1.212e-05 5.76 -2.968
1.213e-05 5.76 -2.968
1.214e-05 5.76 -2.968
1.215e-05 5.76 -2.968
1.216e-05 5.76 -2.968
1.217e-05 5.76 -2.968
1.218e-05 5.76 -2.968
1.219e-05 5.76 -2.968
1.22e-05 5.76 -2.968
1.221e-05 5.76 -2.968
1.222e-05 5.76 -2.968
1.223e-05 5.76 -2.968
1.224e-05 5.76 -2.968
1.225e-05 5.76 -2.968
1.226e-05 5.76 -2.968
1.227e-05 5.76 -2.968
1.228e-05 5.76 -2.968
1.229e-05 5.76 -2.968
1.23e-05 5.68 -2.968
1.231e-05 5.76 -2.968
1.232e-05 5.76 -2.968
1.233e-05 5.76 -2.968
1.234e-05 5.76 -2.968
1.235e-05 5.76 -2.968
1.236e-05 5.76 -2.968
1.237e-05 5.76 -2.968
1.238e-05 5.76 -2.968
1.239e-05 5.76 -2.968
1.24e-05 5.76 -2.968
1.241e-05 5.76 -2.968
1.242e-05 5.68 -2.968
1.243e-05 5.76 -2.968
1.244e-05 5.76 -2.968
1.245e-05 5.76 -2.968
1.246e-05 5.76 -2.968
1.247e-05 5.76 -2.968
1.248e-05 5.76 -2.968
1.249e-05 5.76 -2.968
1.25e-05 5.76 -2.968
1.251e-05 5.76 -2.968
1.252e-05 5.76 -2.968
1.253e-05 5.76 -2.968
1.254e-05 5.76 -2.968
1.255e-05 5.76 -2.968
1.256e-05 5.76 -2.968
1.257e-05 5.76 -2.968
1.258e-05 5.76 -2.968
1.259e-05 5.76 -2.968
1.26e-05 5.76 -2.968
1.261e-05 5.76 -2.968
1.262e-05 5.76 -2.968
1.263e-05 5.76 -2.968
1.264e-05 5.76 -2.968
1.265e-05 5.76 -2.968
1.266e-05 5.76 -2.968
1.267e-05 5.76 -2.968
1.268e-05 5.76 -2.968
1.269e-05 5.76 -2.968
1.27e-05 5.76 -2.968
1.271e-05 5.76 -2.968
1.272e-05 5.76 -2.968
1.273e-05 5.76 -2.968
1.274e-05 5.76 -2.968
1.275e-05 5.76 -2.968
1.276e-05 5.76 -2.968
1.277e-05 5.76 -2.968
1.278e-05 5.76 -2.968
1.279e-05 5.76 -2.968
1.28e-05 5.76 -2.968
1.281e-05 5.76 -2.968
1.282e-05 5.76 -2.968
1.283e-05 5.76 -2.968
1.284e-05 5.76 -2.968
1.285e-05 5.76 -2.968
1.286e-05 5.76 -2.968
1.287e-05 5.76 -2.968
1.288e-05 5.76 -2.968
1.289e-05 5.76 -2.968
1.29e-05 5.76 -2.968
1.291e-05 5.76 -2.968
1.292e-05 5.76 -2.968
1.293e-05 5.76 -2.968
1.294e-05 5.76 -2.968
1.295e-05 5.76 -2.968
1.296e-05 5.76 -2.968
1.297e-05 5.76 -2.968
1.298e-05 5.76 -2.968
1.299e-05 5.76 -2.968
1.3e-05 5.76 -2.968
1.301e-05 5.76 -2.968
1.302e-05 5.76 -2.968
1.303e-05 5.76 -2.968
1.304e-05 5.76 -2.968
1.305e-05 5.76 -2.968
1.306e-05 5.76 -2.968
1.307e-05 5.76 -2.968
1.308e-05 5.76 -2.968
1.309e-05 5.76 -2.968
1.31e-05 5.76 -2.968
1.311e-05 5.76 -2.968
1.312e-05 5.76 -2.968
1.313e-05 5.76 -2.968
1.314e-05 5.76 -2.968
1.315e-05 5.76 -2.968
1.316e-05 5.76 -2.968
1.317e-05 5.76 -2.968
1.318e-05 5.76 -2.968
1.319e-05 5.76 -2.968
1.32e-05 5.76 -2.968
1.321e-05 5.76 -2.968
1.322e-05 5.76 -2.968
1.323e-05 5.76 -2.968
1.324e-05 5.76 -2.968
1.325e-05 5.76 -2.968
1.326e-05 5.76 -2.968
1.327e-05 5.76 -2.968
1.328e-05 5.76 -2.968
1.329e-05 5.76 -2.968
1.33e-05 5.76 -2.968
1.331e-05 5.76 -2.968
1.332e-05 5.76 -2.968
1.333e-05 5.76 -2.968
1.334e-05 5.76 -2.968
1.335e-05 5.76 -2.968
1.336e-05 5.76 -2.968
1.337e-05 5.76 -2.968
1.338e-05 5.76 -2.968
1.339e-05 5.76 -2.968
1.34e-05 5.76 -2.968
1.341e-05 5.76 -2.968
1.342e-05 5.76 -2.968
1.343e-05 5.76 -2.968
1.344e-05 5.76 -2.968
1.345e-05 5.76 -2.968
1.346e-05 5.76 -2.968
1.347e-05 5.84 -2.968
1.348e-05 5.76 -2.968
1.349e-05 5.76 -2.968
1.35e-05 5.76 -2.968
1.351e-05 5.76 -2.968
1.352e-05 5.76 -2.968
1.353e-05 5.76 -2.968
1.354e-05 5.76 -2.968
1.355e-05 5.76 -2.968
1.356e-05 5.76 -2.968
1.357e-05 5.76 -2.968
1.358e-05 5.76 -2.968
1.359e-05 5.76 -2.968
1.36e-05 5.76 -2.968
1.361e-05 5.76 -2.968
1.362e-05 5.76 -2.968
1.363e-05 5.76 -2.968
1.364e-05 5.76 -2.968
1.365e-05 5.76 -2.968
1.366e-05 5.76 -2.968
1.367e-05 5.76 -2.968
1.368e-05 5.76 -2.968
1.369e-05 5.76 -2.968
1.37e-05 5.76 -2.968
1.371e-05 5.76 -2.968
1.372e-05 5.76 -2.968
1.373e-05 5.76 -2.968
1.374e-05 5.76 -2.968
1.375e-05 5.76 -2.968
1.376e-05 5.76 -2.968
1.377e-05 5.76 -2.968
1.378e-05 5.76 -2.968
1.379e-05 5.76 -2.968
1.38e-05 5.76 -2.968
1.381e-05 5.76 -2.968
1.382e-05 5.76 -2.968
1.383e-05 5.76 -2.968
1.384e-05 5.76 -2.968
1.385e-05 5.76 -2.968
1.386e-05 5.76 -2.968
1.387e-05 5.76 -2.968
1.388e-05 5.76 -2.968
1.389e-05 5.76 -2.968
1.39e-05 5.76 -2.968
1.391e-05 5.76 -2.968
1.392e-05 5.76 -2.968
1.393e-05 5.76 -2.968
1.394e-05 5.76 -2.968
1.395e-05 5.76 -2.968
1.396e-05 5.76 -2.968
1.397e-05 5.76 -2.968
1.398e-05 5.76 -2.968
1.399e-05 5.76 -2.968
1.4e-05 5.76 -2.968
1.401e-05 5.76 -2.968
1.402e-05 5.76 -2.968
1.403e-05 5.76 -2.968
1.404e-05 5.76 -2.968
1.405e-05 5.76 -2.968
1.406e-05 5.76 -2.968
1.407e-05 5.76 -2.968
1.408e-05 5.76 -2.968
1.409e-05 5.76 -2.968
1.41e-05 5.76 -2.968
1.411e-05 5.76 -2.968
1.412e-05 5.76 -2.968
1.413e-05 5.76 -2.968
1.414e-05 5.76 -2.968
1.415e-05 5.76 -2.968
1.416e-05 5.76 -2.968
1.417e-05 5.76 -2.968
1.418e-05 5.76 -2.968
1.419e-05 5.76 -2.968
1.42e-05 5.76 -2.968
1.421e-05 5.76 -2.968
1.422e-05 5.76 -2.968
1.423e-05 5.76 -2.968
1.424e-05 5.76 -2.968
1.425e-05 5.76 -2.968
1.426e-05 5.76 -2.968
1.427e-05 5.76 -2.968
1.428e-05 5.76 -2.968
1.429e-05 5.76 -2.968
1.43e-05 5.76 -2.968
1.431e-05 5.76 -2.968
1.432e-05 5.76 -2.968
1.433e-05 5.76 -2.968
1.434e-05 5.76 -2.968
1.435e-05 5.76 -2.968
1.436e-05 5.76 -2.968
1.437e-05 5.76 -2.968
1.438e-05 5.76 -2.968
1.439e-05 5.76 -2.968
1.44e-05 5.76 -2.968
1.441e-05 5.76 -2.968
1.442e-05 5.76 -2.968
1.443e-05 5.76 -2.968
1.444e-05 5.76 -2.968
1.445e-05 5.76 -2.968
1.446e-05 5.76 -2.968
1.447e-05 5.76 -2.968
1.448e-05 5.76 -2.968
1.449e-05 5.76 -2.968
1.45e-05 5.76 -2.968
1.451e-05 5.76 -2.968
1.452e-05 5.76 -2.968
1.453e-05 5.76 -2.968
1.454e-05 5.76 -2.968
1.455e-05 5.76 -2.968
1.456e-05 5.76 -2.968
1.457e-05 5.76 -2.968
1.458e-05 5.76 -2.968
1.459e-05 5.76 -2.968
1.46e-05 5.76 -2.968
1.461e-05 5.76 -2.968
1.462e-05 5.76 -2.968
1.463e-05 5.76 -2.968
1.464e-05 5.68 -2.968
1.465e-05 5.76 -2.968
1.466e-05 5.76 -2.968
1.467e-05 5.76 -2.968
1.468e-05 5.76 -2.968
1.469e-05 5.76 -2.968
1.47e-05 5.76 -2.968
1.471e-05 5.76 -2.968
1.472e-05 5.76 -2.968
1.473e-05 5.76 -2.968
1.474e-05 5.76 -2.968
1.475e-05 5.76 -2.968
1.476e-05 5.76 -2.968
1.477e-05 5.76 -2.968
1.478e-05 5.76 -2.968
1.479e-05 5.76 -2.968
1.48e-05 5.76 -2.968
1.481e-05 5.76 -2.968
1.482e-05 5.76 -2.968
1.483e-05 5.76 -2.968
1.484e-05 5.76 -2.968
1.485e-05 5.76 -2.968
1.486e-05 5.76 -2.968
1.487e-05 5.76 -2.968
1.488e-05 5.76 -2.968
1.489e-05 5.76 -2.968
1.49e-05 5.76 -2.968
1.491e-05 5.76 -2.968
1.492e-05 5.76 -2.968
1.493e-05 5.76 -2.968
1.494e-05 5.76 -2.968
1.495e-05 5.76 -2.968
1.496e-05 5.76 -2.968
1.497e-05 5.76 -2.968
1.498e-05 5.76 -2.968
1.499e-05 5.76 -2.968
1.5e-05 5.76 -2.968
1.501e-05 5.76 -2.968
1.502e-05 5.76 -2.968
1.503e-05 5.76 -2.968
1.504e-05 5.76 -2.968
1.505e-05 5.76 -2.968
1.506e-05 5.76 -2.968
1.507e-05 5.76 -2.968
1.508e-05 5.76 -2.968
1.509e-05 5.76 -2.968
1.51e-05 5.76 -2.968
1.511e-05 5.76 -2.968
1.512e-05 5.76 -2.968
1.513e-05 5.76 -2.968
1.514e-05 5.76 -2.968
1.515e-05 5.76 -2.968
1.516e-05 5.76 -2.968
1.517e-05 5.76 -2.968
1.518e-05 5.76 -2.968
1.519e-05 5.76 -2.968
1.52e-05 5.76 -2.968
1.521e-05 5.76 -2.968
1.522e-05 5.76 -2.968
1.523e-05 5.76 -2.968
1.524e-05 5.76 -2.968
1.525e-05 5.76 -2.968
1.526e-05 5.76 -2.968
1.527e-05 5.76 -2.968
1.528e-05 5.76 -2.968
1.529e-05 5.76 -2.968
1.53e-05 5.76 -2.968
1.531e-05 5.76 -2.968
1.532e-05 5.76 -2.968
1.533e-05 5.76 -2.968
1.534e-05 5.76 -2.968
1.535e-05 5.76 -2.968
1.536e-05 5.76 -2.968
1.537e-05 5.76 -2.968
1.538e-05 5.76 -2.968
1.539e-05 5.76 -2.968
1.54e-05 5.76 -2.968
1.541e-05 5.76 -2.968
1.542e-05 5.76 -2.968
1.543e-05 5.76 -2.968
1.544e-05 5.76 -2.968
1.545e-05 5.76 -2.968
1.546e-05 5.76 -2.968
1.547e-05 5.76 -2.968
1.548e-05 5.76 -2.968
1.549e-05 5.76 -2.968
1.55e-05 5.76 -2.968
1.551e-05 5.76 -2.968
1.552e-05 5.76 -2.968
1.553e-05 5.76 -2.968
1.554e-05 5.76 -2.968
1.555e-05 5.76 -2.968
1.556e-05 5.76 -2.968
1.557e-05 5.76 -2.968
1.558e-05 5.84 -2.968
1.559e-05 5.76 -2.968
1.56e-05 5.76 -2.968
1.561e-05 5.76 -2.968
1.562e-05 5.76 -2.968
1.563e-05 5.76 -2.968
1.564e-05 5.76 -2.968
1.565e-05 5.76 -2.968
1.566e-05 5.76 -2.968
1.567e-05 5.76 -2.968
1.568e-05 5.76 -2.968
1.569e-05 5.76 -2.968
1.57e-05 5.76 -2.968
1.571e-05 5.76 -2.968
1.572e-05 5.76 -2.968
1.573e-05 5.76 -2.968
1.574e-05 5.76 -2.968
1.575e-05 5.76 -2.968
1.576e-05 5.76 -2.968
1.577e-05 5.76 -2.968
1.578e-05 5.76 -2.968
1.579e-05 5.76 -2.968
1.58e-05 5.76 -2.968
1.581e-05 5.76 -2.968
1.582e-05 5.76 -2.968
1.583e-05 5.76 -2.968
1.584e-05 5.76 -2.968
1.585e-05 5.76 -2.968
1.586e-05 5.76 -2.968
1.587e-05 5.76 -2.968
1.588e-05 5.76 -2.968
1.589e-05 5.76 -2.968
1.59e-05 5.76 -2.968
1.591e-05 5.76 -2.968
1.592e-05 5.76 -2.968
1.593e-05 5.76 -2.968
1.594e-05 5.76 -2.968
1.595e-05 5.76 -2.968
1.596e-05 5.76 -2.968
1.597e-05 5.76 -2.968
1.598e-05 5.76 -2.968
1.599e-05 5.76 -2.968
1.6e-05 5.76 -2.968
1.601e-05 5.76 -2.968
1.602e-05 5.76 -2.968
1.603e-05 5.76 -2.968
1.604e-05 5.76 -2.968
1.605e-05 5.76 -2.968
1.606e-05 5.76 -2.968
1.607e-05 5.76 -2.968
1.608e-05 5.76 -2.968
1.609e-05 5.76 -2.968
1.61e-05 5.76 -2.968
1.611e-05 5.76 -2.968
1.612e-05 5.68 -2.968
1.613e-05 5.76 -2.968
1.614e-05 5.68 -2.968
1.615e-05 5.76 -2.968
1.616e-05 5.76 -2.968
1.617e-05 5.76 -2.968
1.618e-05 5.76 -2.968
1.619e-05 5.76 -2.968
1.62e-05 5.76 -2.968
1.621e-05 5.76 -2.968
1.622e-05 5.76 -2.968
1.623e-05 5.76 -2.968
1.624e-05 5.76 -2.968
1.625e-05 5.76 -2.968
1.626e-05 5.76 -2.968
1.627e-05 5.76 -2.968
1.628e-05 5.76 -2.968
1.629e-05 5.76 -2.968
1.63e-05 5.76 -2.968
1.631e-05 5.76 -2.968
1.632e-05 5.76 -2.968
1.633e-05 5.76 -2.968
1.634e-05 5.76 -2.968
1.635e-05 5.76 -2.968
1.636e-05 5.76 -2.968
1.637e-05 5.76 -2.968
1.638e-05 5.76 -2.968
1.639e-05 5.76 -2.968
1.64e-05 5.76 -2.968
1.641e-05 5.76 -2.968
1.642e-05 5.76 -2.968
1.643e-05 5.76 -2.968
1.644e-05 5.76 -2.968
1.645e-05 5.76 -2.968
1.646e-05 5.68 -2.968
1.647e-05 5.76 -2.968
1.648e-05 5.76 -2.968
1.649e-05 5.76 -2.968
1.65e-05 5.76 -2.968
1.651e-05 5.76 -2.968
1.652e-05 5.76 -2.968
1.653e-05 5.76 -2.968
1.654e-05 5.76 -2.968
1.655e-05 5.76 -2.968
1.656e-05 5.76 -2.968
1.657e-05 5.84 -2.968
1.658e-05 5.76 -2.968
1.659e-05 5.76 -2.968
1.66e-05 5.76 -2.968
1.661e-05 5.76 -2.968
1.662e-05 5.76 -2.968
1.663e-05 5.76 -2.968
1.664e-05 5.76 -2.968
1.665e-05 5.76 -2.968
1.666e-05 5.76 -2.968
1.667e-05 5.76 -2.968
1.668e-05 5.76 -2.968
1.669e-05 5.76 -2.968
1.67e-05 5.76 -2.968
1.671e-05 5.76 -2.968
1.672e-05 5.76 -2.968
1.673e-05 5.76 -2.968
1.674e-05 5.76 -2.968
1.675e-05 5.76 -2.968
1.676e-05 5.76 -2.968
1.677e-05 5.76 -2.968
1.678e-05 5.76 -2.968
1.679e-05 5.76 -2.968
1.68e-05 5.76 -2.968
1.681e-05 5.76 -2.968
1.682e-05 5.76 -2.968
1.683e-05 5.76 -2.968
1.684e-05 5.76 -2.968
1.685e-05 5.76 -2.968
1.686e-05 5.76 -2.968
1.687e-05 5.68 -2.968
1.688e-05 5.76 -2.968
1.689e-05 5.76 -2.968
1.69e-05 5.76 -2.968
1.691e-05 5.76 -2.968
1.692e-05 5.76 -2.968
1.693e-05 5.76 -2.968
1.694e-05 5.76 -2.968
1.695e-05 5.76 -2.968
1.696e-05 5.76 -2.968
1.697e-05 5.76 -2.968
1.698e-05 5.76 -2.968
1.699e-05 5.76 -2.968
1.7e-05 5.76 -2.968
1.701e-05 5.76 -2.968
1.702e-05 5.76 -2.968
1.703e-05 5.76 -2.968
1.704e-05 5.76 -2.968
1.705e-05 5.76 -2.968
1.706e-05 5.76 -2.968
1.707e-05 5.76 -2.968
1.708e-05 5.76 -2.968
1.709e-05 5.76 -2.968
1.71e-05 5.76 -2.968
1.711e-05 5.76 -2.968
1.712e-05 5.76 -2.968
1.713e-05 5.76 -2.968
1.714e-05 5.76 -2.968
1.715e-05 5.76 -2.968
1.716e-05 5.76 -2.968
1.717e-05 5.76 -2.968
1.718e-05 5.76 -2.968
1.719e-05 5.76 -2.968
1.72e-05 5.76 -2.968
1.721e-05 5.76 -2.968
1.722e-05 5.76 -2.968
1.723e-05 5.76 -2.968
1.724e-05 5.76 -2.968
1.725e-05 5.76 -2.968
1.726e-05 5.76 -2.968
1.727e-05 5.76 -2.968
1.728e-05 5.76 -2.968
1.729e-05 5.76 -2.968
1.73e-05 5.76 -2.968
1.731e-05 5.76 -2.968
1.732e-05 5.76 -2.968
1.733e-05 5.76 -2.968
1.734e-05 5.76 -2.968
1.735e-05 5.76 -2.968
1.736e-05 5.76 -2.968
1.737e-05 5.76 -2.968
1.738e-05 5.76 -2.968
1.739e-05 5.76 -2.968
1.74e-05 5.76 -2.968
1.741e-05 5.76 -2.968
1.742e-05 5.76 -2.968
1.743e-05 5.76 -2.968
1.744e-05 5.76 -2.968
1.745e-05 5.76 -2.968
1.746e-05 5.76 -2.968
1.747e-05 5.76 -2.968
1.748e-05 5.76 -2.968
1.749e-05 5.76 -2.968
1.75e-05 5.76 -2.968
1.751e-05 5.76 -2.968
1.752e-05 5.76 -2.968
1.753e-05 5.76 -2.968
1.754e-05 5.76 -2.968
1.755e-05 5.76 -2.968
1.756e-05 5.76 -2.968
1.757e-05 5.76 -2.968
1.758e-05 5.76 -2.968
1.759e-05 5.76 -2.968
1.76e-05 5.76 -2.968
1.761e-05 5.76 -2.968
1.762e-05 5.76 -2.968
1.763e-05 5.76 -2.968
1.764e-05 5.76 -2.968
1.765e-05 5.76 -2.968
1.766e-05 5.76 -2.968
1.767e-05 5.76 -2.968
1.768e-05 5.76 -2.968
1.769e-05 5.76 -2.968
1.77e-05 5.76 -2.968
1.771e-05 5.76 -2.968
1.772e-05 5.76 -2.968
1.773e-05 5.76 -2.968
1.774e-05 5.76 -2.968
1.775e-05 5.76 -2.968
1.776e-05 5.76 -2.968
1.777e-05 5.76 -2.968
1.778e-05 5.76 -2.968
1.779e-05 5.76 -2.968
1.78e-05 5.76 -2.968
1.781e-05 5.76 -2.968
1.782e-05 5.76 -2.968
1.783e-05 5.76 -2.968
1.784e-05 5.76 -2.968
1.785e-05 5.76 -2.968
1.786e-05 5.76 -2.968
1.787e-05 5.76 -2.968
1.788e-05 5.76 -2.968
1.789e-05 5.76 -2.968
1.79e-05 5.76 -2.968
1.791e-05 5.76 -2.968
1.792e-05 5.76 -2.968
1.793e-05 5.76 -2.968
1.794e-05 5.76 -2.968
1.795e-05 5.76 -2.968
1.796e-05 5.76 -2.968
1.797e-05 5.76 -2.968
1.798e-05 5.76 -2.968
1.799e-05 5.76 -2.968
1.8e-05 5.76 -2.968
1.801e-05 5.76 -2.968
1.802e-05 5.76 -2.968
1.803e-05 5.76 -2.968
1.804e-05 5.76 -2.968
1.805e-05 5.76 -2.968
1.806e-05 5.76 -2.968
1.807e-05 5.76 -2.968
1.808e-05 5.76 -2.968
1.809e-05 5.76 -2.968
1.81e-05 5.76 -2.968
1.811e-05 5.76 -2.968
1.812e-05 5.76 -2.968
1.813e-05 5.76 -2.968
1.814e-05 5.76 -2.968
1.815e-05 5.76 -2.968
1.816e-05 5.76 -2.968
1.817e-05 5.76 -2.968
1.818e-05 5.76 -2.968
1.819e-05 5.76 -2.968
1.82e-05 5.76 -2.968
1.821e-05 5.76 -2.968
1.822e-05 5.76 -2.968
1.823e-05 5.76 -2.968
1.824e-05 5.76 -2.968
1.825e-05 5.76 -2.968
1.826e-05 5.76 -2.968
1.827e-05 5.76 -2.968
1.828e-05 5.76 -2.968
1.829e-05 5.76 -2.968
1.83e-05 5.76 -2.968
1.831e-05 5.76 -2.968
1.832e-05 5.76 -2.968
1.833e-05 5.76 -2.968
1.834e-05 5.76 -2.968
1.835e-05 5.76 -2.968
1.836e-05 5.76 -2.968
1.837e-05 5.76 -2.968
1.838e-05 5.76 -2.968
1.839e-05 5.76 -2.968
1.84e-05 5.76 -2.968
1.841e-05 5.76 -2.968
1.842e-05 5.76 -2.968
1.843e-05 5.76 -2.968
1.844e-05 5.76 -2.968
1.845e-05 5.76 -2.968
1.846e-05 5.76 -2.968
1.847e-05 5.76 -2.968
1.848e-05 5.76 -2.968
1.849e-05 5.76 -2.968
1.85e-05 5.76 -2.968
1.851e-05 5.76 -2.968
1.852e-05 5.76 -2.968
1.853e-05 5.76 -2.968
1.854e-05 5.76 -2.968
1.855e-05 5.76 -2.968
1.856e-05 5.76 -2.968
1.857e-05 5.76 -2.968
1.858e-05 5.76 -2.968
1.859e-05 5.76 -2.968
1.86e-05 5.76 -2.968
1.861e-05 5.76 -2.968
1.862e-05 5.76 -2.968
1.863e-05 5.76 -2.968
1.864e-05 5.76 -2.968
1.865e-05 5.76 -2.968
1.866e-05 5.76 -2.968
1.867e-05 5.76 -2.968
1.868e-05 5.76 -2.968
1.869e-05 5.28 -2.968
1.87e-05 3.36 -2.968
1.871e-05 0.4 -2.968
1.872e-05 -2.24 -2.968
1.873e-05 -4.08 -2.968
1.874e-05 -5.2 -2.968
1.875e-05 -5.84 -2.968
1.876e-05 -6 -2.968
1.877e-05 -6 -2.968
1.878e-05 -5.84 -2.968
1.879e-05 -5.68 -2.968
1.88e-05 -5.52 -2.968
1.881e-05 -5.52 -2.968
1.882e-05 -5.44 -2.968
1.883e-05 -5.36 -2.968
1.884e-05 -5.44 -2.968
1.885e-05 -5.44 -2.968
1.886e-05 -5.44 -2.968
1.887e-05 -5.44 -2.968
1.888e-05 -5.44 -2.968
1.889e-05 -5.44 -2.968
1.89e-05 -5.44 -2.968
1.891e-05 -5.44 -2.968
1.892e-05 -5.44 -2.968
1.893e-05 -5.52 -2.968
1.894e-05 -5.44 -2.968
1.895e-05 -5.44 -2.968
1.896e-05 -5.44 -2.968
1.897e-05 -5.44 -2.968
1.898e-05 -5.44 -2.968
1.899e-05 -5.52 -2.968
1.9e-05 -5.52 -2.968
1.901e-05 -5.44 -2.968
1.902e-05 -5.52 -2.968
1.903e-05 -5.44 -2.968
1.904e-05 -5.52 -2.968
1.905e-05 -5.52 -2.968
1.906e-05 -5.52 -2.968
1.907e-05 -5.44 -2.968
1.908e-05 -5.52 -2.968
1.909e-05 -5.52 -2.968
1.91e-05 -5.44 -2.968
1.911e-05 -5.52 -2.968
1.912e-05 -5.52 -2.968
1.913e-05 -5.52 -2.968
1.914e-05 -5.52 -2.968
1.915e-05 -5.52 -2.968
1.916e-05 -5.6 -2.968
1.917e-05 -5.6 -2.968
1.918e-05 -5.6 -2.968
1.919e-05 -5.6 -2.968
1.92e-05 -5.6 -2.968
1.921e-05 -5.68 -2.968
1.922e-05 -5.6 -2.968
1.923e-05 -5.68 -2.968
1.924e-05 -5.68 -2.968
1.925e-05 -5.68 -2.968
1.926e-05 -5.68 -2.968
1.927e-05 -5.68 -2.968
1.928e-05 -5.68 -2.968
1.929e-05 -5.76 -2.968
1.93e-05 -5.68 -2.968
1.931e-05 -5.68 -2.968
1.932e-05 -5.76 -2.968
1.933e-05 -5.68 -2.968
1.934e-05 -5.76 -2.968
1.935e-05 -5.76 -2.968
1.936e-05 -5.76 -2.968
1.937e-05 -5.76 -2.968
1.938e-05 -5.76 -2.968
1.939e-05 -5.76 -2.968
1.94e-05 -5.84 -2.968
1.941e-05 -5.84 -2.968
1.942e-05 -5.84 -2.968
1.943e-05 -5.84 -2.968
1.944e-05 -5.84 -2.968
1.945e-05 -5.84 -2.968
1.946e-05 -5.84 -2.968
1.947e-05 -5.84 -2.968
1.948e-05 -5.84 -2.968
1.949e-05 -5.84 -2.968
1.95e-05 -5.84 -2.968
1.951e-05 -5.92 -2.968
1.952e-05 -5.84 -2.968
1.953e-05 -5.84 -2.968
1.954e-05 -5.84 -2.968
1.955e-05 -5.84 -2.968
1.956e-05 -5.92 -2.968
1.957e-05 -5.92 -2.968
1.958e-05 -5.92 -2.968
1.959e-05 -5.84 -2.968
1.96e-05 -5.92 -2.968
1.961e-05 -5.92 -2.968
1.962e-05 -5.92 -2.968
1.963e-05 -5.92 -2.968
1.964e-05 -6 -2.968
1.965e-05 -6 -2.968
1.966e-05 -6 -2.968
1.967e-05 -6 -2.968
1.968e-05 -6 -2.968
1.969e-05 -6 -3.048
1.97e-05 -6 -3.152
1.971e-05 -6 -3.248
1.972e-05 -6 -3.336
1.973e-05 -6 -3.44
1.974e-05 -6 -3.52
1.975e-05 -6.08 -3.616
1.976e-05 -6 -3.696
1.977e-05 -6 -3.776
1.978e-05 -6.08 -3.856
1.979e-05 -6.08 -3.928
1.98e-05 -6.08 -3.992
1.981e-05 -6.08 -4.048
1.982e-05 -6.08 -4.096
1.983e-05 -6.08 -4.144
1.984e-05 -6.08 -4.184
1.985e-05 -6.08 -4.24
1.986e-05 -6.08 -4.304
1.987e-05 -6.08 -4.408
1.988e-05 -6.08 -4.512
1.989e-05 -6.16 -4.584
1.99e-05 -6.08 -4.624
1.991e-05 -6.08 -4.616
1.992e-05 -6.08 -4.616
1.993e-05 -6.16 -4.6
1.994e-05 -6.08 -4.576
1.995e-05 -6.08 -4.544
1.996e-05 -6.16 -4.512
1.997e-05 -6.16 -4.464
1.998e-05 -6.16 -4.416
1.999e-05 -6.16 -4.352
2e-05 -6.08 -4.28
2.001e-05 -6.16 -4.2
2.002e-05 -6.16 -4.112
2.003e-05 -6.16 -4.016
2.004e-05 -6.16 -3.904
2.005e-05 -6.16 -3.792
2.006e-05 -6.16 -3.672
2.007e-05 -6.16 -3.528
2.008e-05 -6.16 -3.424
2.009e-05 -6.16 -3.352
2.01e-05 -6.16 -3.304
2.011e-05 -6.24 -3.296
2.012e-05 -6.24 -3.312
2.013e-05 -6.24 -3.36
2.014e-05 -6.24 -3.424
2.015e-05 -6.24 -3.504
2.016e-05 -6.24 -3.6
2.017e-05 -6.24 -3.68
2.018e-05 -6.16 -3.768
2.019e-05 -6.24 -3.864
2.02e-05 -6.32 -3.944
2.021e-05 -6.32 -4.008
2.022e-05 -6.32 -4.064
2.023e-05 -6.32 -4.112
2.024e-05 -6.24 -4.144
2.025e-05 -6.32 -4.152
2.026e-05 -6.24 -4.168
2.027e-05 -6.24 -4.16
2.028e-05 -6.24 -4.144
2.029e-05 -6.32 -4.128
2.03e-05 -6.32 -4.112
2.031e-05 -6.32 -4.08
2.032e-05 -6.32 -4.048
2.033e-05 -6.24 -4.024
2.034e-05 -6.32 -4
2.035e-05 -6.32 -3.976
2.036e-05 -6.24 -3.952
2.037e-05 -6.32 -3.944
2.038e-05 -6.32 -3.936
2.039e-05 -6.32 -3.936
2.04e-05 -6.32 -3.944
2.041e-05 -6.32 -3.952
2.042e-05 -6.32 -3.96
2.043e-05 -6.32 -3.976
2.044e-05 -6.4 -3.984
2.045e-05 -6.32 -4
2.046e-05 -6.32 -4
2.047e-05 -6.32 -4.016
2.048e-05 -6.32 -4.032
2.049e-05 -6.32 -4.032
2.05e-05 -6.32 -4.04
2.051e-05 -6.32 -4.048
2.052e-05 -6.32 -4.032
2.053e-05 -6.32 -4.04
2.054e-05 -6.32 -4.032
2.055e-05 -6.32 -4.032
2.056e-05 -6.32 -4.024
2.057e-05 -6.32 -4.016
2.058e-05 -6.32 -4.016
2.059e-05 -6.24 -4.008
2.06e-05 -6.32 -4
2.061e-05 -6.32 -4
2.062e-05 -6.4 -3.992
2.063e-05 -6.32 -3.984
2.064e-05 -6.4 -3.984
2.065e-05 -6.32 -3.992
2.066e-05 -6.32 -3.984
2.067e-05 -6.32 -3.984
2.068e-05 -6.4 -3.992
2.069e-05 -6.32 -3.992
2.07e-05 -6.32 -3.992
2.071e-05 -6.4 -3.992
2.072e-05 -6.32 -3.992
2.073e-05 -6.32 -3.992
2.074e-05 -6.4 -3.992
2.075e-05 -6.4 -3.984
2.076e-05 -6.32 -3.984
2.077e-05 -6.32 -3.992
2.078e-05 -6.32 -3.984
2.079e-05 -6.32 -3.984
2.08e-05 -6.32 -3.992
2.081e-05 -6.32 -3.992
2.082e-05 -6.32 -3.984
2.083e-05 -6.4 -3.984
2.084e-05 -6.4 -3.992
2.085e-05 -6.4 -3.984
2.086e-05 -6.32 -3.984
2.087e-05 -6.4 -3.984
2.088e-05 -6.4 -3.984
2.089e-05 -6.32 -3.976
2.09e-05 -6.4 -3.976
2.091e-05 -6.4 -3.984
2.092e-05 -6.4 -3.976
2.093e-05 -6.4 -3.968
2.094e-05 -6.4 -3.976
2.095e-05 -6.4 -3.976
2.096e-05 -6.4 -3.976
2.097e-05 -6.32 -3.968
2.098e-05 -6.32 -3.976
2.099e-05 -6.4 -3.976
2.1e-05 -6.4 -3.968
2.101e-05 -6.32 -3.976
2.102e-05 -6.4 -3.976
2.103e-05 -6.4 -3.976
2.104e-05 -6.4 -3.968
2.105e-05 -6.32 -3.968
2.106e-05 -6.4 -3.968
2.107e-05 -6.4 -3.968
2.108e-05 -6.32 -3.968
2.109e-05 -6.4 -3.968
2.11e-05 -6.4 -3.96
2.111e-05 -6.4 -3.968
2.112e-05 -6.32 -3.96
2.113e-05 -6.4 -3.96
2.114e-05 -6.4 -3.96
2.115e-05 -6.32 -3.952
2.116e-05 -6.32 -3.96
2.117e-05 -6.4 -3.952
2.118e-05 -6.32 -3.952
2.119e-05 -6.4 -3.96
2.12e-05 -6.32 -3.952
2.121e-05 -6.4 -3.96
2.122e-05 -6.4 -3.952
2.123e-05 -6.32 -3.952
2.124e-05 -6.4 -3.952
2.125e-05 -6.4 -3.952
2.126e-05 -6.4 -3.952
2.127e-05 -6.4 -3.944
2.128e-05 -6.4 -3.944
2.129e-05 -6.32 -3.944
2.13e-05 -6.4 -3.944
2.131e-05 -6.4 -3.944
2.132e-05 -6.4 -3.952
2.133e-05 -6.4 -3.952
2.134e-05 -6.4 -3.944
2.135e-05 -6.4 -3.944
2.136e-05 -6.4 -3.944
2.137e-05 -6.4 -3.944
2.138e-05 -6.4 -3.936
2.139e-05 -6.4 -3.936
2.14e-05 -6.32 -3.944
2.141e-05 -6.32 -3.936
2.142e-05 -6.4 -3.936
2.143e-05 -6.4 -3.928
2.144e-05 -6.4 -3.936
2.145e-05 -6.4 -3.928
2.146e-05 -6.4 -3.928
2.147e-05 -6.4 -3.928
2.148e-05 -6.4 -3.928
2.149e-05 -6.32 -3.928
2.15e-05 -6.4 -3.928
2.151e-05 -6.4 -3.928
2.152e-05 -6.4 -3.928
2.153e-05 -6.4 -3.928
2.154e-05 -6.4 -3.928
2.155e-05 -6.4 -3.928
2.156e-05 -6.4 -3.928
2.157e-05 -6.4 -3.928
2.158e-05 -6.32 -3.92
2.159e-05 -6.4 -3.92
2.16e-05 -6.32 -3.92
2.161e-05 -6.4 -3.92
2.162e-05 -6.32 -3.912
2.163e-05 -6.4 -3.92
2.164e-05 -6.4 -3.92
2.165e-05 -6.4 -3.92
2.166e-05 -6.4 -3.92
2.167e-05 -6.4 -3.92
2.168e-05 -6.4 -3.912
2.169e-05 -6.4 -3.92
2.17e-05 -6.4 -3.912
2.171e-05 -6.4 -3.912
2.172e-05 -6.4 -3.912
2.173e-05 -6.4 -3.912
2.174e-05 -6.4 -3.912
2.175e-05 -6.4 -3.912
2.176e-05 -6.4 -3.912
2.177e-05 -6.32 -3.904
2.178e-05 -6.4 -3.904
2.179e-05 -6.4 -3.904
2.18e-05 -6.4 -3.904
2.181e-05 -6.4 -3.896
2.182e-05 -6.4 -3.904
2.183e-05 -6.4 -3.904
2.184e-05 -6.4 -3.904
2.185e-05 -6.4 -3.904
2.186e-05 -6.4 -3.896
2.187e-05 -6.4 -3.896
2.188e-05 -6.4 -3.896
2.189e-05 -6.4 -3.896
2.19e-05 -6.4 -3.896
2.191e-05 -6.4 -3.896
2.192e-05 -6.4 -3.896
2.193e-05 -6.4 -3.896
2.194e-05 -6.4 -3.896
2.195e-05 -6.48 -3.888
2.196e-05 -6.4 -3.888
2.197e-05 -6.4 -3.888
2.198e-05 -6.4 -3.888
2.199e-05 -6.4 -3.888
2.2e-05 -6.4 -3.888
2.201e-05 -6.4 -3.888
2.202e-05 -6.4 -3.888
2.203e-05 -6.4 -3.888
2.204e-05 -6.4 -3.888
2.205e-05 -6.4 -3.888
2.206e-05 -6.4 -3.888
2.207e-05 -6.4 -3.88
2.208e-05 -6.4 -3.88
2.209e-05 -6.4 -3.888
2.21e-05 -6.4 -3.88
2.211e-05 -6.4 -3.872
2.212e-05 -6.4 -3.872
2.213e-05 -6.4 -3.88
2.214e-05 -6.4 -3.872
2.215e-05 -6.4 -3.872
2.216e-05 -6.4 -3.872
2.217e-05 -6.4 -3.872
2.218e-05 -6.4 -3.872
2.219e-05 -6.4 -3.88
2.22e-05 -6.4 -3.88
2.221e-05 -6.4 -3.872
2.222e-05 -6.4 -3.872
2.223e-05 -6.48 -3.872
2.224e-05 -6.48 -3.872
2.225e-05 -6.4 -3.872
2.226e-05 -6.4 -3.864
2.227e-05 -6.4 -3.864
2.228e-05 -6.4 -3.864
2.229e-05 -6.4 -3.864
2.23e-05 -6.4 -3.864
2.231e-05 -6.4 -3.864
2.232e-05 -6.4 -3.864
2.233e-05 -6.4 -3.864
2.234e-05 -6.4 -3.864
2.235e-05 -6.4 -3.864
2.236e-05 -6.4 -3.864
2.237e-05 -6.4 -3.864
2.238e-05 -6.4 -3.864
2.239e-05 -6.4 -3.864
2.24e-05 -6.4 -3.856
2.241e-05 -6.4 -3.864
2.242e-05 -6.32 -3.864
2.243e-05 -6.4 -3.856
2.244e-05 -6.4 -3.856
2.245e-05 -6.4 -3.856
2.246e-05 -6.48 -3.856
2.247e-05 -6.4 -3.856
2.248e-05 -6.4 -3.848
2.249e-05 -6.4 -3.848
2.25e-05 -6.48 -3.856
2.251e-05 -6.4 -3.848
2.252e-05 -6.4 -3.848
2.253e-05 -6.4 -3.848
2.254e-05 -6.4 -3.856
2.255e-05 -6.4 -3.848
2.256e-05 -6.4 -3.848
2.257e-05 -6.4 -3.848
2.258e-05 -6.4 -3.848
2.259e-05 -6.4 -3.84
2.26e-05 -6.4 -3.848
2.261e-05 -6.4 -3.848
2.262e-05 -6.48 -3.848
2.263e-05 -6.48 -3.84
2.264e-05 -6.4 -3.84
2.265e-05 -6.4 -3.84
2.266e-05 -6.4 -3.84
2.267e-05 -6.4 -3.832
2.268e-05 -6.4 -3.84
2.269e-05 -6.4 -3.84
2.27e-05 -6.4 -3.84
2.271e-05 -6.4 -3.84
2.272e-05 -6.4 -3.84
2.273e-05 -6.4 -3.84
2.274e-05 -6.4 -3.832
2.275e-05 -6.48 -3.832
2.276e-05 -6.4 -3.832
2.277e-05 -6.4 -3.832
2.278e-05 -6.4 -3.832
2.279e-05 -6.4 -3.824
2.28e-05 -6.4 -3.824
2.281e-05 -6.4 -3.832
2.282e-05 -6.4 -3.824
2.283e-05 -6.4 -3.824
2.284e-05 -6.4 -3.832
2.285e-05 -6.4 -3.824
2.286e-05 -6.4 -3.832
2.287e-05 -6.4 -3.824
2.288e-05 -6.4 -3.832
2.289e-05 -6.4 -3.824
2.29e-05 -6.4 -3.824
2.291e-05 -6.4 -3.832
2.292e-05 -6.48 -3.824
2.293e-05 -6.4 -3.824
2.294e-05 -6.48 -3.824
2.295e-05 -6.4 -3.824
2.296e-05 -6.4 -3.816
2.297e-05 -6.4 -3.808
2.298e-05 -6.4 -3.808
2.299e-05 -6.4 -3.816
2.3e-05 -6.4 -3.808
2.301e-05 -6.4 -3.816
2.302e-05 -6.4 -3.816
2.303e-05 -6.4 -3.824
2.304e-05 -6.48 -3.808
2.305e-05 -6.4 -3.816
2.306e-05 -6.4 -3.816
2.307e-05 -6.4 -3.816
2.308e-05 -6.4 -3.816
2.309e-05 -6.4 -3.808
2.31e-05 -6.4 -3.808
2.311e-05 -6.48 -3.808
2.312e-05 -6.4 -3.808
2.313e-05 -6.48 -3.808
2.314e-05 -6.4 -3.808
2.315e-05 -6.4 -3.8
2.316e-05 -6.4 -3.8
2.317e-05 -6.4 -3.792
2.318e-05 -6.4 -3.808
2.319e-05 -6.4 -3.8
2.32e-05 -6.4 -3.8
2.321e-05 -6.4 -3.808
2.322e-05 -6.4 -3.8
2.323e-05 -6.48 -3.8
2.324e-05 -6.48 -3.8
2.325e-05 -6.4 -3.8
2.326e-05 -6.48 -3.8
2.327e-05 -6.4 -3.792
2.328e-05 -6.4 -3.8
2.329e-05 -6.4 -3.8
2.33e-05 -6.4 -3.792
2.331e-05 -6.4 -3.792
2.332e-05 -6.4 -3.792
2.333e-05 -6.4 -3.8
2.334e-05 -6.4 -3.792
2.335e-05 -6.4 -3.792
2.336e-05 -6.4 -3.792
2.337e-05 -6.4 -3.784
2.338e-05 -6.4 -3.792
2.339e-05 -6.4 -3.792
2.34e-05 -6.4 -3.792
2.341e-05 -6.4 -3.8
2.342e-05 -6.48 -3.792
2.343e-05 -6.4 -3.792
2.344e-05 -6.48 -3.792
2.345e-05 -6.4 -3.784
2.346e-05 -6.4 -3.784
2.347e-05 -6.4 -3.784
2.348e-05 -6.4 -3.776
2.349e-05 -6.48 -3.784
2.35e-05 -6.4 -3.776
2.351e-05 -6.4 -3.784
2.352e-05 -6.4 -3.784
2.353e-05 -6.4 -3.784
2.354e-05 -6.4 -3.776
2.355e-05 -6.4 -3.784
2.356e-05 -6.4 -3.784
2.357e-05 -6.4 -3.776
2.358e-05 -6.4 -3.768
2.359e-05 -6.4 -3.784
2.36e-05 -6.48 -3.776
2.361e-05 -6.4 -3.776
2.362e-05 -6.4 -3.776
2.363e-05 -6.4 -3.776
2.364e-05 -6.4 -3.768
2.365e-05 -6.48 -3.768
2.366e-05 -6.48 -3.768
2.367e-05 -6.4 -3.768
2.368e-05 -6.4 -3.768
2.369e-05 -6.4 -3.768
2.37e-05 -6.4 -3.776
2.371e-05 -6.48 -3.768
2.372e-05 -6.4 -3.768
2.373e-05 -6.4 -3.768
2.374e-05 -6.4 -3.776
2.375e-05 -6.4 -3.768
2.376e-05 -6.4 -3.768
2.377e-05 -6.4 -3.768
2.378e-05 -6.4 -3.768
2.379e-05 -6.4 -3.768
2.38e-05 -6.4 -3.768
2.381e-05 -6.4 -3.768
2.382e-05 -6.4 -3.768
2.383e-05 -6.4 -3.76
2.384e-05 -6.4 -3.76
2.385e-05 -6.4 -3.76
2.386e-05 -6.4 -3.76
2.387e-05 -6.4 -3.76
2.388e-05 -6.4 -3.76
2.389e-05 -6.4 -3.76
2.39e-05 -6.4 -3.76
2.391e-05 -6.48 -3.76
2.392e-05 -6.4 -3.76
2.393e-05 -6.48 -3.76
2.394e-05 -6.4 -3.752
2.395e-05 -6.4 -3.752
2.396e-05 -6.4 -3.76
2.397e-05 -6.4 -3.752
2.398e-05 -6.4 -3.752
2.399e-05 -6.4 -3.752
2.4e-05 -6.48 -3.752
2.401e-05 -6.48 -3.752
2.402e-05 -6.4 -3.744
2.403e-05 -6.4 -3.744
2.404e-05 -6.4 -3.752
2.405e-05 -6.4 -3.744
2.406e-05 -6.4 -3.752
2.407e-05 -6.4 -3.752
2.408e-05 -6.48 -3.744
2.409e-05 -6.4 -3.752
2.41e-05 -6.4 -3.744
2.411e-05 -6.4 -3.744
2.412e-05 -6.48 -3.744
2.413e-05 -6.48 -3.744
2.414e-05 -6.4 -3.744
2.415e-05 -6.4 -3.744
2.416e-05 -6.4 -3.736
2.417e-05 -6.4 -3.744
2.418e-05 -6.48 -3.736
2.419e-05 -6.4 -3.736
2.42e-05 -6.48 -3.736
2.421e-05 -6.4 -3.744
2.422e-05 -6.4 -3.736
2.423e-05 -6.48 -3.744
2.424e-05 -6.4 -3.744
2.425e-05 -6.4 -3.736
2.426e-05 -6.4 -3.736
2.427e-05 -6.4 -3.736
2.428e-05 -6.48 -3.736
2.429e-05 -6.4 -3.736
2.43e-05 -6.4 -3.736
2.431e-05 -6.4 -3.744
2.432e-05 -6.48 -3.736
2.433e-05 -6.4 -3.728
2.434e-05 -6.48 -3.736
2.435e-05 -6.4 -3.728
2.436e-05 -6.4 -3.728
2.437e-05 -6.4 -3.728
2.438e-05 -6.4 -3.728
2.439e-05 -6.4 -3.728
2.44e-05 -6.4 -3.728
2.441e-05 -6.4 -3.736
2.442e-05 -6.4 -3.736
2.443e-05 -6.48 -3.728
2.444e-05 -6.48 -3.728
2.445e-05 -6.4 -3.728
2.446e-05 -6.4 -3.728
2.447e-05 -6.48 -3.72
2.448e-05 -6.4 -3.72
2.449e-05 -6.4 -3.728
2.45e-05 -6.48 -3.728
2.451e-05 -6.48 -3.728
2.452e-05 -6.4 -3.72
2.453e-05 -6.48 -3.72
2.454e-05 -6.4 -3.728
2.455e-05 -6.4 -3.728
2.456e-05 -6.48 -3.72
2.457e-05 -6.4 -3.72
2.458e-05 -6.4 -3.728
2.459e-05 -6.48 -3.72
2.46e-05 -6.48 -3.712
2.461e-05 -6.48 -3.72
2.462e-05 -6.4 -3.72
2.463e-05 -6.48 -3.72
2.464e-05 -6.48 -3.72
2.465e-05 -6.48 -3.72
2.466e-05 -6.4 -3.712
2.467e-05 -6.4 -3.712
2.468e-05 -6.48 -3.712
2.469e-05 -6.4 -3.712
2.47e-05 -6.48 -3.712
2.471e-05 -6.4 -3.712
2.472e-05 -6.4 -3.712
2.473e-05 -6.48 -3.712
2.474e-05 -6.4 -3.712
2.475e-05 -6.4 -3.712
2.476e-05 -6.48 -3.704
2.477e-05 -6.48 -3.712
2.478e-05 -6.4 -3.712
2.479e-05 -6.48 -3.704
2.48e-05 -6.48 -3.704
2.481e-05 -6.48 -3.704
2.482e-05 -6.48 -3.704
2.483e-05 -6.4 -3.704
2.484e-05 -6.48 -3.704
2.485e-05 -6.48 -3.704
2.486e-05 -6.4 -3.704
2.487e-05 -6.4 -3.696
2.488e-05 -6.48 -3.704
2.489e-05 -6.4 -3.696
2.49e-05 -6.48 -3.704
2.491e-05 -6.4 -3.696
2.492e-05 -6.48 -3.712
2.493e-05 -6.48 -3.704
2.494e-05 -6.48 -3.696
2.495e-05 -6.4 -3.704
2.496e-05 -6.4 -3.704
2.497e-05 -6.48 -3.696
2.498e-05 -6.4 -3.696
2.499e-05 -6.48 -3.704
2.5e-05 -6.48 -3.696
2.501e-05 -6.48 -3.696
2.502e-05 -6.4 -3.696
2.503e-05 -6.48 -3.696
2.504e-05 -6.48 -3.696
2.505e-05 -6.48 -3.688
2.506e-05 -6.4 -3.696
2.507e-05 -6.4 -3.696
2.508e-05 -6.48 -3.696
2.509e-05 -6.4 -3.696
2.51e-05 -6.48 -3.696
2.511e-05 -6.48 -3.696
2.512e-05 -6.4 -3.696
2.513e-05 -6.48 -3.696
2.514e-05 -6.4 -3.696
2.515e-05 -6.4 -3.688
2.516e-05 -6.4 -3.688
2.517e-05 -6.48 -3.688
2.518e-05 -6.4 -3.688
2.519e-05 -6.4 -3.688
2.52e-05 -6.4 -3.688
2.521e-05 -6.48 -3.68
2.522e-05 -6.48 -3.696
2.523e-05 -6.48 -3.68
2.524e-05 -6.48 -3.68
2.525e-05 -6.48 -3.688
2.526e-05 -6.48 -3.68
2.527e-05 -6.4 -3.68
2.528e-05 -6.48 -3.68
2.529e-05 -6.4 -3.68
2.53e-05 -6.4 -3.68
2.531e-05 -6.48 -3.68
2.532e-05 -6.4 -3.68
2.533e-05 -6.48 -3.68
2.534e-05 -6.48 -3.68
2.535e-05 -6.4 -3.68
2.536e-05 -6.4 -3.672
2.537e-05 -6.4 -3.68
2.538e-05 -6.48 -3.68
2.539e-05 -6.4 -3.664
2.54e-05 -6.48 -3.68
2.541e-05 -6.4 -3.68
2.542e-05 -6.4 -3.68
2.543e-05 -6.48 -3.68
2.544e-05 -6.4 -3.672
2.545e-05 -6.4 -3.68
2.546e-05 -6.48 -3.672
2.547e-05 -6.48 -3.672
2.548e-05 -6.4 -3.672
2.549e-05 -6.48 -3.672
2.55e-05 -6.48 -3.664
2.551e-05 -6.4 -3.672
2.552e-05 -6.48 -3.672
2.553e-05 -6.48 -3.672
2.554e-05 -6.48 -3.664
2.555e-05 -6.48 -3.664
2.556e-05 -6.48 -3.664
2.557e-05 -6.48 -3.664
2.558e-05 -6.4 -3.664
2.559e-05 -6.48 -3.672
2.56e-05 -6.48 -3.672
2.561e-05 -6.48 -3.672
2.562e-05 -6.4 -3.664
2.563e-05 -6.48 -3.664
2.564e-05 -6.4 -3.672
2.565e-05 -6.4 -3.664
2.566e-05 -6.48 -3.656
2.567e-05 -6.48 -3.664
2.568e-05 -6.48 -3.664
2.569e-05 -6.4 -3.648
2.57e-05 -6.4 -3.664
2.571e-05 -6.4 -3.664
2.572e-05 -6.48 -3.656
2.573e-05 -6.4 -3.656
2.574e-05 -6.48 -3.664
2.575e-05 -6.48 -3.656
2.576e-05 -6.4 -3.656
2.577e-05 -6.48 -3.664
2.578e-05 -6.48 -3.656
2.579e-05 -6.4 -3.656
2.58e-05 -6.48 -3.664
2.581e-05 -6.4 -3.664
2.582e-05 -6.48 -3.664
2.583e-05 -6.48 -3.656
2.584e-05 -6.48 -3.648
2.585e-05 -6.48 -3.648
2.586e-05 -6.48 -3.648
2.587e-05 -6.48 -3.648
2.588e-05 -6.4 -3.648
2.589e-05 -6.48 -3.648
2.59e-05 -6.4 -3.648
2.591e-05 -6.48 -3.648
2.592e-05 -6.4 -3.648
2.593e-05 -6.4 -3.648
2.594e-05 -6.48 -3.648
2.595e-05 -6.48 -3.648
2.596e-05 -6.48 -3.648
2.597e-05 -6.48 -3.648
2.598e-05 -6.48 -3.648
2.599e-05 -6.4 -3.64
2.6e-05 -6.48 -3.648
2.601e-05 -6.48 -3.648
2.602e-05 -6.4 -3.64
2.603e-05 -6.48 -3.64
2.604e-05 -6.48 -3.64
2.605e-05 -6.48 -3.64
2.606e-05 -6.48 -3.64
2.607e-05 -6.4 -3.632
2.608e-05 -6.48 -3.64
2.609e-05 -6.48 -3.64
2.61e-05 -6.4 -3.64
2.611e-05 -6.48 -3.648
2.612e-05 -6.48 -3.64
2.613e-05 -6.48 -3.648
2.614e-05 -6.48 -3.64
2.615e-05 -6.4 -3.64
2.616e-05 -6.48 -3.64
2.617e-05 -6.48 -3.632
2.618e-05 -6.48 -3.632
2.619e-05 -6.4 -3.632
2.62e-05 -6.48 -3.632
2.621e-05 -6.48 -3.64
2.622e-05 -6.48 -3.632
2.623e-05 -6.48 -3.632
2.624e-05 -6.48 -3.632
2.625e-05 -6.48 -3.632
2.626e-05 -6.4 -3.632
2.627e-05 -6.48 -3.632
2.628e-05 -6.4 -3.632
2.629e-05 -6.4 -3.632
2.63e-05 -6.48 -3.632
2.631e-05 -6.4 -3.64
2.632e-05 -6.48 -3.632
2.633e-05 -6.48 -3.632
2.634e-05 -6.48 -3.632
2.635e-05 -6.48 -3.632
2.636e-05 -6.4 -3.624
2.637e-05 -6.48 -3.624
2.638e-05 -6.48 -3.624
2.639e-05 -6.4 -3.624
2.64e-05 -6.48 -3.624
2.641e-05 -6.48 -3.624
2.642e-05 -6.48 -3.624
2.643e-05 -6.48 -3.624
2.644e-05 -6.48 -3.616
2.645e-05 -6.4 -3.624
2.646e-05 -6.4 -3.616
2.647e-05 -6.48 -3.624
2.648e-05 -6.48 -3.624
2.649e-05 -6.48 -3.616
2.65e-05 -6.48 -3.624
2.651e-05 -6.48 -3.624
2.652e-05 -6.48 -3.624
2.653e-05 -6.48 -3.616
2.654e-05 -6.48 -3.616
2.655e-05 -6.48 -3.616
2.656e-05 -6.48 -3.616
2.657e-05 -6.48 -3.616
2.658e-05 -6.48 -3.616
2.659e-05 -6.48 -3.616
2.66e-05 -6.48 -3.616
2.661e-05 -6.4 -3.624
2.662e-05 -6.48 -3.616
2.663e-05 -6.48 -3.616
2.664e-05 -6.4 -3.608
2.665e-05 -6.48 -3.616
2.666e-05 -6.48 -3.616
2.667e-05 -6.48 -3.616
2.668e-05 -6.48 -3.616
2.669e-05 -6.48 -3.616
2.67e-05 -6.48 -3.608
2.671e-05 -6.4 -3.608
2.672e-05 -6.48 -3.616
2.673e-05 -6.48 -3.608
2.674e-05 -6.4 -3.608
2.675e-05 -6.48 -3.616
2.676e-05 -6.48 -3.608
2.677e-05 -6.48 -3.608
2.678e-05 -6.4 -3.608
2.679e-05 -6.48 -3.608
2.68e-05 -6.4 -3.608
2.681e-05 -6.4 -3.608
2.682e-05 -6.4 -3.616
2.683e-05 -6.48 -3.608
2.684e-05 -6.48 -3.608
2.685e-05 -6.48 -3.608
2.686e-05 -6.48 -3.608
2.687e-05 -6.4 -3.6
2.688e-05 -6.48 -3.6
2.689e-05 -6.48 -3.6
2.69e-05 -6.48 -3.6
2.691e-05 -6.48 -3.6
2.692e-05 -6.4 -3.6
2.693e-05 -6.48 -3.6
2.694e-05 -6.48 -3.6
2.695e-05 -6.4 -3.6
2.696e-05 -6.48 -3.6
2.697e-05 -6.48 -3.6
2.698e-05 -6.48 -3.6
2.699e-05 -6.48 -3.6
2.7e-05 -6.48 -3.608
2.701e-05 -6.48 -3.6
2.702e-05 -6.4 -3.6
2.703e-05 -6.48 -3.6
2.704e-05 -6.48 -3.592
2.705e-05 -6.48 -3.6
2.706e-05 -6.48 -3.6
2.707e-05 -6.4 -3.592
2.708e-05 -6.48 -3.592
2.709e-05 -6.4 -3.592
2.71e-05 -6.48 -3.6
2.711e-05 -6.4 -3.6
2.712e-05 -6.48 -3.592
2.713e-05 -6.4 -3.6
2.714e-05 -6.48 -3.6
2.715e-05 -6.48 -3.592
2.716e-05 -6.48 -3.592
2.717e-05 -6.4 -3.592
2.718e-05 -6.4 -3.6
2.719e-05 -6.48 -3.592
2.72e-05 -6.48 -3.592
2.721e-05 -6.48 -3.592
2.722e-05 -6.48 -3.592
2.723e-05 -6.48 -3.592
2.724e-05 -6.48 -3.584
2.725e-05 -6.48 -3.592
2.726e-05 -6.48 -3.584
2.727e-05 -6.48 -3.584
2.728e-05 -6.48 -3.584
2.729e-05 -6.48 -3.584
2.73e-05 -6.48 -3.584
2.731e-05 -6.48 -3.584
2.732e-05 -6.4 -3.584
2.733e-05 -6.48 -3.584
2.734e-05 -6.48 -3.592
2.735e-05 -6.48 -3.584
2.736e-05 -6.48 -3.584
2.737e-05 -6.48 -3.584
2.738e-05 -6.4 -3.584
2.739e-05 -6.48 -3.576
2.74e-05 -6.48 -3.584
2.741e-05 -6.4 -3.584
2.742e-05 -6.48 -3.576
2.743e-05 -6.48 -3.576
2.744e-05 -6.48 -3.576
2.745e-05 -6.48 -3.576
2.746e-05 -6.48 -3.576
2.747e-05 -6.48 -3.576
2.748e-05 -6.48 -3.576
2.749e-05 -6.48 -3.584
2.75e-05 -6.4 -3.576
2.751e-05 -6.48 -3.576
2.752e-05 -6.48 -3.576
2.753e-05 -6.48 -3.576
2.754e-05 -6.48 -3.576
2.755e-05 -6.48 -3.576
2.756e-05 -6.48 -3.568
2.757e-05 -6.48 -3.568
2.758e-05 -6.48 -3.568
2.759e-05 -6.48 -3.568
2.76e-05 -6.48 -3.568
2.761e-05 -6.4 -3.568
2.762e-05 -6.48 -3.576
2.763e-05 -6.48 -3.576
2.764e-05 -6.4 -3.576
2.765e-05 -6.48 -3.568
2.766e-05 -6.4 -3.568
2.767e-05 -6.48 -3.576
2.768e-05 -6.48 -3.568
2.769e-05 -6.48 -3.576
2.77e-05 -6.48 -3.568
2.771e-05 -6.48 -3.568
2.772e-05 -6.48 -3.568
2.773e-05 -6.4 -3.568
2.774e-05 -6.4 -3.568
2.775e-05 -6.48 -3.56
2.776e-05 -6.48 -3.56
2.777e-05 -6.48 -3.56
2.778e-05 -6.48 -3.568
2.779e-05 -6.48 -3.568
2.78e-05 -6.4 -3.56
2.781e-05 -6.48 -3.568
2.782e-05 -6.48 -3.568
2.783e-05 -6.4 -3.56
2.784e-05 -6.48 -3.568
2.785e-05 -6.48 -3.568
2.786e-05 -6.4 -3.56
2.787e-05 -6.48 -3.56
2.788e-05 -6.48 -3.552
2.789e-05 -6.48 -3.56
2.79e-05 -6.48 -3.552
2.791e-05 -6.48 -3.56
2.792e-05 -6.48 -3.56
2.793e-05 -6.48 -3.552
2.794e-05 -6.48 -3.56
2.795e-05 -6.48 -3.552
2.796e-05 -6.48 -3.552
2.797e-05 -6.4 -3.552
2.798e-05 -6.48 -3.552
2.799e-05 -6.4 -3.552
2.8e-05 -6.48 -3.552
2.801e-05 -6.4 -3.552
2.802e-05 -6.48 -3.56
2.803e-05 -6.48 -3.552
2.804e-05 -6.48 -3.56
2.805e-05 -6.48 -3.56
2.806e-05 -6.48 -3.552
2.807e-05 -6.4 -3.552
2.808e-05 -6.48 -3.552
2.809e-05 -6.48 -3.552
2.81e-05 -6.48 -3.552
2.811e-05 -6.48 -3.544
2.812e-05 -6.4 -3.552
2.813e-05 -6.48 -3.552
2.814e-05 -6.48 -3.544
2.815e-05 -6.48 -3.552
2.816e-05 -6.4 -3.552
2.817e-05 -6.48 -3.552
2.818e-05 -6.48 -3.552
2.819e-05 -6.48 -3.552
2.82e-05 -6.4 -3.552
2.821e-05 -6.48 -3.544
2.822e-05 -6.48 -3.552
2.823e-05 -6.48 -3.544
2.824e-05 -6.48 -3.544
2.825e-05 -6.48 -3.544
2.826e-05 -6.48 -3.536
2.827e-05 -6.4 -3.544
2.828e-05 -6.48 -3.544
2.829e-05 -6.4 -3.536
2.83e-05 -6.48 -3.544
2.831e-05 -6.48 -3.544
2.832e-05 -6.4 -3.544
2.833e-05 -6.48 -3.544
2.834e-05 -6.48 -3.544
2.835e-05 -6.48 -3.544
2.836e-05 -6.4 -3.544
2.837e-05 -6.48 -3.536
2.838e-05 -6.48 -3.544
2.839e-05 -6.48 -3.544
2.84e-05 -6.48 -3.536
2.841e-05 -6.48 -3.536
2.842e-05 -6.48 -3.536
2.843e-05 -6.48 -3.544
2.844e-05 -6.48 -3.536
2.845e-05 -6.48 -3.528
2.846e-05 -6.48 -3.536
2.847e-05 -6.48 -3.528
2.848e-05 -6.48 -3.528
2.849e-05 -6.48 -3.536
2.85e-05 -6.48 -3.536
2.851e-05 -6.48 -3.536
2.852e-05 -6.48 -3.536
2.853e-05 -6.48 -3.536
2.854e-05 -6.48 -3.536
2.855e-05 -6.48 -3.528
2.856e-05 -6.48 -3.536
2.857e-05 -6.48 -3.536
2.858e-05 -6.48 -3.528
2.859e-05 -6.48 -3.528
2.86e-05 -6.4 -3.528
2.861e-05 -6.4 -3.528
2.862e-05 -6.48 -3.536
2.863e-05 -6.48 -3.528
2.864e-05 -6.4 -3.528
2.865e-05 -6.48 -3.528
2.866e-05 -6.48 -3.528
2.867e-05 -6.48 -3.528
2.868e-05 -6.48 -3.528
2.869e-05 -6.48 -3.52
2.87e-05 -6.48 -3.528
2.871e-05 -6.48 -3.528
2.872e-05 -6.48 -3.528
2.873e-05 -6.48 -3.528
2.874e-05 -6.4 -3.52
2.875e-05 -6.48 -3.52
2.876e-05 -6.48 -3.52
2.877e-05 -6.48 -3.52
2.878e-05 -6.48 -3.52
2.879e-05 -6.48 -3.52
2.88e-05 -6.48 -3.52
2.881e-05 -6.48 -3.52
2.882e-05 -6.48 -3.52
2.883e-05 -6.48 -3.52
2.884e-05 -6.48 -3.52
2.885e-05 -6.48 -3.528
2.886e-05 -6.48 -3.52
2.887e-05 -6.4 -3.52
2.888e-05 -6.4 -3.52
2.889e-05 -6.48 -3.52
2.89e-05 -6.48 -3.52
2.891e-05 -6.48 -3.52
2.892e-05 -6.48 -3.52
2.893e-05 -6.48 -3.512
2.894e-05 -6.48 -3.512
2.895e-05 -6.48 -3.512
2.896e-05 -6.48 -3.512
2.897e-05 -6.48 -3.512
2.898e-05 -6.48 -3.512
2.899e-05 -6.48 -3.512
2.9e-05 -6.48 -3.52
2.901e-05 -6.48 -3.52
2.902e-05 -6.48 -3.52
2.903e-05 -6.48 -3.52
2.904e-05 -6.48 -3.512
2.905e-05 -6.4 -3.512
2.906e-05 -6.48 -3.52
2.907e-05 -6.48 -3.512
2.908e-05 -6.48 -3.504
2.909e-05 -6.48 -3.512
2.91e-05 -6.48 -3.512
2.911e-05 -6.48 -3.504
2.912e-05 -6.48 -3.504
2.913e-05 -6.48 -3.512
2.914e-05 -6.48 -3.512
2.915e-05 -6.48 -3.512
2.916e-05 -6.48 -3.504
2.917e-05 -6.48 -3.512
2.918e-05 -6.48 -3.512
2.919e-05 -6.4 -3.504
2.92e-05 -6.48 -3.512
2.921e-05 -6.48 -3.504
2.922e-05 -6.48 -3.512
2.923e-05 -6.48 -3.504
2.924e-05 -6.4 -3.504
2.925e-05 -6.48 -3.504
2.926e-05 -6.4 -3.504
2.927e-05 -6.48 -3.504
2.928e-05 -6.48 -3.504
2.929e-05 -6.48 -3.496
2.93e-05 -6.48 -3.504
2.931e-05 -6.48 -3.504
2.932e-05 -6.4 -3.504
2.933e-05 -6.48 -3.504
2.934e-05 -6.48 -3.496
2.935e-05 -6.4 -3.504
2.936e-05 -6.48 -3.496
2.937e-05 -6.48 -3.496
2.938e-05 -6.48 -3.504
2.939e-05 -6.48 -3.496
2.94e-05 -6.48 -3.504
2.941e-05 -6.48 -3.504
2.942e-05 -6.48 -3.496
2.943e-05 -6.48 -3.496
2.944e-05 -6.48 -3.496
2.945e-05 -6.48 -3.488
2.946e-05 -6.48 -3.496
2.947e-05 -6.48 -3.496
2.948e-05 -6.48 -3.496
2.949e-05 -6.4 -3.496
2.95e-05 -6.48 -3.488
2.951e-05 -6.48 -3.496
2.952e-05 -6.48 -3.496
2.953e-05 -6.4 -3.496
2.954e-05 -6.48 -3.496
2.955e-05 -6.48 -3.488
2.956e-05 -6.48 -3.488
2.957e-05 -6.48 -3.488
2.958e-05 -6.48 -3.488
2.959e-05 -6.48 -3.488
2.96e-05 -6.4 -3.488
2.961e-05 -6.48 -3.488
2.962e-05 -6.48 -3.488
2.963e-05 -6.4 -3.488
2.964e-05 -6.48 -3.488
2.965e-05 -6.48 -3.48
2.966e-05 -6.48 -3.488
2.967e-05 -6.4 -3.488
2.968e-05 -6.48 -3.488
2.969e-05 -6.48 -3.488
2.97e-05 -6.48 -3.488
2.971e-05 -6.4 -3.496
2.972e-05 -6.48 -3.488
2.973e-05 -6.48 -3.488
2.974e-05 -6.48 -3.488
2.975e-05 -6.48 -3.488
2.976e-05 -6.48 -3.488
2.977e-05 -6.48 -3.48
2.978e-05 -6.48 -3.488
2.979e-05 -6.48 -3.48
2.98e-05 -6.48 -3.48
2.981e-05 -6.48 -3.48
2.982e-05 -6.48 -3.48
2.983e-05 -6.48 -3.48
2.984e-05 -6.48 -3.48
2.985e-05 -6.48 -3.488
2.986e-05 -6.4 -3.48
2.987e-05 -6.48 -3.48
2.988e-05 -6.48 -3.48
2.989e-05 -6.48 -3.48
2.99e-05 -6.4 -3.488
2.991e-05 -6.48 -3.48
2.992e-05 -6.48 -3.48
2.993e-05 -6.4 -3.48
2.994e-05 -6.48 -3.48
2.995e-05 -6.48 -3.48
2.996e-05 -6.4 -3.48
2.997e-05 -6.48 -3.472
2.998e-05 -6.48 -3.472
2.999e-05 -6.48 -3.472
3e-05 -6.48 -3.472
3.001e-05 -6.48 -3.48
3.002e-05 -6.48 -3.472
3.003e-05 -6.48 -3.472
3.004e-05 -6.4 -3.472
3.005e-05 -6.48 -3.472
3.006e-05 -6.48 -3.48
3.007e-05 -6.48 -3.472
3.008e-05 -6.48 -3.472
3.009e-05 -6.48 -3.472
3.01e-05 -6.4 -3.464
3.011e-05 -6.48 -3.472
3.012e-05 -6.48 -3.472
3.013e-05 -6.48 -3.472
3.014e-05 -6.48 -3.472
3.015e-05 -6.48 -3.472
3.016e-05 -6.48 -3.472
3.017e-05 -6.48 -3.464
3.018e-05 -6.48 -3.464
3.019e-05 -6.4 -3.472
3.02e-05 -6.48 -3.464
3.021e-05 -6.48 -3.472
3.022e-05 -6.48 -3.472
3.023e-05 -6.48 -3.472
3.024e-05 -6.48 -3.472
3.025e-05 -6.48 -3.472
3.026e-05 -6.48 -3.472
3.027e-05 -6.48 -3.472
3.028e-05 -6.48 -3.464
3.029e-05 -6.48 -3.464
3.03e-05 -6.48 -3.464
3.031e-05 -6.48 -3.464
3.032e-05 -6.48 -3.472
3.033e-05 -6.48 -3.456
3.034e-05 -6.4 -3.464
3.035e-05 -6.48 -3.464
3.036e-05 -6.48 -3.464
3.037e-05 -6.48 -3.464
3.038e-05 -6.48 -3.464
3.039e-05 -6.48 -3.472
3.04e-05 -6.48 -3.464
3.041e-05 -6.48 -3.456
3.042e-05 -6.4 -3.464
3.043e-05 -6.48 -3.472
3.044e-05 -6.48 -3.464
3.045e-05 -6.48 -3.464
3.046e-05 -6.48 -3.464
3.047e-05 -6.48 -3.456
3.048e-05 -6.48 -3.456
3.049e-05 -6.48 -3.456
3.05e-05 -6.48 -3.456
3.051e-05 -6.48 -3.464
3.052e-05 -6.48 -3.456
3.053e-05 -6.48 -3.456
3.054e-05 -6.48 -3.456
3.055e-05 -6.48 -3.456
3.056e-05 -6.48 -3.456
3.057e-05 -6.48 -3.456
3.058e-05 -6.48 -3.456
3.059e-05 -6.48 -3.456
3.06e-05 -6.48 -3.448
3.061e-05 -6.48 -3.456
3.062e-05 -6.48 -3.456
3.063e-05 -6.48 -3.448
3.064e-05 -6.48 -3.456
3.065e-05 -6.48 -3.456
3.066e-05 -6.48 -3.448
3.067e-05 -6.48 -3.456
3.068e-05 -6.48 -3.448
3.069e-05 -6.48 -3.448
3.07e-05 -6.48 -3.448
3.071e-05 -6.48 -3.456
3.072e-05 -6.48 -3.448
3.073e-05 -6.48 -3.448
3.074e-05 -6.48 -3.456
3.075e-05 -6.48 -3.448
3.076e-05 -6.48 -3.448
3.077e-05 -6.48 -3.448
3.078e-05 -6.48 -3.44
3.079e-05 -6.4 -3.448
3.08e-05 -6.48 -3.448
3.081e-05 -6.48 -3.448
3.082e-05 -6.4 -3.448
3.083e-05 -6.48 -3.44
3.084e-05 -6.48 -3.448
3.085e-05 -6.48 -3.44
3.086e-05 -6.48 -3.448
3.087e-05 -6.48 -3.44
3.088e-05 -6.4 -3.44
3.089e-05 -6.4 -3.448
3.09e-05 -6.4 -3.44
3.091e-05 -6.48 -3.448
3.092e-05 -6.48 -3.448
3.093e-05 -6.48 -3.44
3.094e-05 -6.48 -3.44
3.095e-05 -6.48 -3.448
3.096e-05 -6.48 -3.44
3.097e-05 -6.48 -3.448
3.098e-05 -6.48 -3.44
3.099e-05 -6.48 -3.44
3.1e-05 -6.48 -3.44
3.101e-05 -6.48 -3.44
3.102e-05 -6.48 -3.44
3.103e-05 -6.48 -3.44
3.104e-05 -6.48 -3.44
3.105e-05 -6.48 -3.44
3.106e-05 -6.48 -3.44
3.107e-05 -6.48 -3.44
3.108e-05 -6.48 -3.44
3.109e-05 -6.48 -3.44
3.11e-05 -6.48 -3.44
3.111e-05 -6.48 -3.44
3.112e-05 -6.4 -3.44
3.113e-05 -6.48 -3.44
3.114e-05 -6.4 -3.44
3.115e-05 -6.48 -3.432
3.116e-05 -6.48 -3.432
3.117e-05 -6.4 -3.432
3.118e-05 -6.48 -3.432
3.119e-05 -6.48 -3.432
3.12e-05 -6.48 -3.432
3.121e-05 -6.4 -3.432
3.122e-05 -6.48 -3.432
3.123e-05 -6.48 -3.432
3.124e-05 -6.48 -3.44
3.125e-05 -6.48 -3.432
3.126e-05 -6.48 -3.432
3.127e-05 -6.48 -3.432
3.128e-05 -6.48 -3.424
3.129e-05 -6.48 -3.432
3.13e-05 -6.48 -3.432
3.131e-05 -6.48 -3.424
3.132e-05 -6.48 -3.432
3.133e-05 -6.48 -3.424
3.134e-05 -6.48 -3.424
3.135e-05 -6.48 -3.432
3.136e-05 -6.4 -3.424
3.137e-05 -6.48 -3.432
3.138e-05 -6.4 -3.424
3.139e-05 -6.4 -3.432
3.14e-05 -6.48 -3.424
3.141e-05 -6.48 -3.432
3.142e-05 -6.48 -3.424
3.143e-05 -6.48 -3.424
3.144e-05 -6.48 -3.424
3.145e-05 -6.48 -3.424
3.146e-05 -6.48 -3.424
3.147e-05 -6.48 -3.424
3.148e-05 -6.48 -3.424
3.149e-05 -6.48 -3.424
3.15e-05 -6.48 -3.424
3.151e-05 -6.48 -3.424
3.152e-05 -6.4 -3.416
3.153e-05 -6.48 -3.424
3.154e-05 -6.48 -3.424
3.155e-05 -6.48 -3.424
3.156e-05 -6.48 -3.424
3.157e-05 -6.48 -3.416
3.158e-05 -6.48 -3.424
3.159e-05 -6.48 -3.424
3.16e-05 -6.48 -3.424
3.161e-05 -6.48 -3.424
3.162e-05 -6.48 -3.424
3.163e-05 -6.48 -3.424
3.164e-05 -6.48 -3.416
3.165e-05 -6.48 -3.416
3.166e-05 -6.48 -3.416
3.167e-05 -6.48 -3.416
3.168e-05 -6.48 -3.416
3.169e-05 -6.48 -3.416
3.17e-05 -6.4 -3.416
3.171e-05 -6.4 -3.416
3.172e-05 -6.48 -3.416
3.173e-05 -6.48 -3.416
3.174e-05 -6.48 -3.416
3.175e-05 -6.48 -3.416
3.176e-05 -6.48 -3.416
3.177e-05 -6.48 -3.416
3.178e-05 -6.4 -3.416
3.179e-05 -6.48 -3.416
3.18e-05 -6.48 -3.416
3.181e-05 -6.48 -3.416
3.182e-05 -6.48 -3.416
3.183e-05 -6.48 -3.408
3.184e-05 -6.48 -3.408
3.185e-05 -6.48 -3.416
3.186e-05 -6.48 -3.408
3.187e-05 -6.48 -3.408
3.188e-05 -6.48 -3.408
3.189e-05 -6.48 -3.408
3.19e-05 -6.48 -3.408
3.191e-05 -6.48 -3.408
3.192e-05 -6.48 -3.416
3.193e-05 -6.48 -3.416
3.194e-05 -6.48 -3.416
3.195e-05 -6.48 -3.408
3.196e-05 -6.4 -3.408
3.197e-05 -6.48 -3.408
3.198e-05 -6.48 -3.408
3.199e-05 -6.48 -3.4
3.2e-05 -6.48 -3.408
3.201e-05 -6.4 -3.4
3.202e-05 -6.48 -3.408
3.203e-05 -6.48 -3.408
3.204e-05 -6.48 -3.4
3.205e-05 -6.48 -3.4
3.206e-05 -6.48 -3.4
3.207e-05 -6.48 -3.408
3.208e-05 -6.48 -3.4
3.209e-05 -6.48 -3.408
3.21e-05 -6.48 -3.408
3.211e-05 -6.48 -3.408
3.212e-05 -6.48 -3.408
3.213e-05 -6.48 -3.408
3.214e-05 -6.48 -3.408
3.215e-05 -6.48 -3.4
3.216e-05 -6.48 -3.408
3.217e-05 -6.48 -3.392
3.218e-05 -6.4 -3.4
3.219e-05 -6.48 -3.4
3.22e-05 -6.48 -3.392
3.221e-05 -6.4 -3.4
3.222e-05 -6.48 -3.4
3.223e-05 -6.48 -3.4
3.224e-05 -6.48 -3.4
3.225e-05 -6.48 -3.392
3.226e-05 -6.48 -3.4
3.227e-05 -6.48 -3.392
3.228e-05 -6.48 -3.4
3.229e-05 -6.48 -3.392
3.23e-05 -6.48 -3.408
3.231e-05 -6.48 -3.392
3.232e-05 -6.48 -3.408
3.233e-05 -6.48 -3.392
3.234e-05 -6.48 -3.392
3.235e-05 -6.48 -3.384
3.236e-05 -6.48 -3.392
3.237e-05 -6.48 -3.384
3.238e-05 -6.4 -3.392
3.239e-05 -6.48 -3.392
3.24e-05 -6.48 -3.392
3.241e-05 -6.48 -3.392
3.242e-05 -6.48 -3.392
3.243e-05 -6.4 -3.4
3.244e-05 -6.48 -3.392
3.245e-05 -6.48 -3.392
3.246e-05 -6.48 -3.4
3.247e-05 -6.48 -3.392
3.248e-05 -6.48 -3.392
3.249e-05 -6.4 -3.384
3.25e-05 -6.4 -3.392
3.251e-05 -6.48 -3.384
3.252e-05 -6.4 -3.384
3.253e-05 -6.48 -3.392
3.254e-05 -6.48 -3.384
3.255e-05 -6.48 -3.384
3.256e-05 -6.48 -3.384
3.257e-05 -6.48 -3.384
3.258e-05 -6.48 -3.392
3.259e-05 -6.4 -3.384
3.26e-05 -6.48 -3.392
3.261e-05 -6.48 -3.392
3.262e-05 -6.48 -3.384
3.263e-05 -6.48 -3.392
3.264e-05 -6.48 -3.384
3.265e-05 -6.48 -3.392
3.266e-05 -6.56 -3.384
3.267e-05 -6.48 -3.376
3.268e-05 -6.48 -3.384
3.269e-05 -6.48 -3.384
3.27e-05 -6.48 -3.384
3.271e-05 -6.48 -3.384
3.272e-05 -6.48 -3.376
3.273e-05 -6.48 -3.384
3.274e-05 -6.48 -3.376
3.275e-05 -6.48 -3.376
3.276e-05 -6.48 -3.384
3.277e-05 -6.48 -3.376
3.278e-05 -6.48 -3.384
3.279e-05 -6.48 -3.376
3.28e-05 -6.48 -3.376
3.281e-05 -6.48 -3.384
3.282e-05 -6.48 -3.376
3.283e-05 -6.48 -3.376
3.284e-05 -6.48 -3.384
3.285e-05 -6.48 -3.376
3.286e-05 -6.4 -3.376
3.287e-05 -6.48 -3.368
3.288e-05 -6.4 -3.384
3.289e-05 -6.48 -3.376
3.29e-05 -6.4 -3.376
3.291e-05 -6.48 -3.376
3.292e-05 -6.48 -3.376
3.293e-05 -6.48 -3.376
3.294e-05 -6.48 -3.376
3.295e-05 -6.48 -3.368
3.296e-05 -6.48 -3.376
3.297e-05 -6.48 -3.368
3.298e-05 -6.48 -3.376
3.299e-05 -6.48 -3.376
3.3e-05 -6.4 -3.376
3.301e-05 -6.48 -3.376
3.302e-05 -6.4 -3.376
3.303e-05 -6.48 -3.368
3.304e-05 -6.48 -3.376
3.305e-05 -6.48 -3.368
3.306e-05 -6.4 -3.368
3.307e-05 -6.48 -3.36
3.308e-05 -6.48 -3.368
3.309e-05 -6.48 -3.376
3.31e-05 -6.4 -3.376
3.311e-05 -6.4 -3.376
3.312e-05 -6.48 -3.376
3.313e-05 -6.48 -3.376
3.314e-05 -6.48 -3.376
3.315e-05 -6.48 -3.368
3.316e-05 -6.48 -3.368
3.317e-05 -6.48 -3.368
3.318e-05 -6.48 -3.368
3.319e-05 -6.48 -3.36
3.32e-05 -6.48 -3.368
3.321e-05 -6.48 -3.36
3.322e-05 -6.48 -3.376
3.323e-05 -6.48 -3.36
3.324e-05 -6.48 -3.368
3.325e-05 -6.48 -3.368
3.326e-05 -6.48 -3.36
3.327e-05 -6.48 -3.36
3.328e-05 -6.48 -3.368
3.329e-05 -6.48 -3.36
3.33e-05 -6.48 -3.368
3.331e-05 -6.48 -3.368
3.332e-05 -6.48 -3.36
3.333e-05 -6.48 -3.36
3.334e-05 -6.48 -3.368
3.335e-05 -6.4 -3.36
3.336e-05 -6.48 -3.36
3.337e-05 -6.4 -3.36
3.338e-05 -6.4 -3.36
3.339e-05 -6.48 -3.36
3.34e-05 -6.48 -3.36
3.341e-05 -6.48 -3.368
3.342e-05 -6.48 -3.36
3.343e-05 -6.48 -3.36
3.344e-05 -6.48 -3.36
3.345e-05 -6.48 -3.36
3.346e-05 -6.48 -3.36
3.347e-05 -6.48 -3.36
3.348e-05 -6.48 -3.36
3.349e-05 -6.48 -3.36
3.35e-05 -6.48 -3.36
3.351e-05 -6.48 -3.36
3.352e-05 -6.48 -3.36
3.353e-05 -6.48 -3.36
3.354e-05 -6.48 -3.352
3.355e-05 -6.48 -3.36
3.356e-05 -6.48 -3.36
3.357e-05 -6.48 -3.352
3.358e-05 -6.4 -3.352
3.359e-05 -6.48 -3.36
3.36e-05 -6.48 -3.352
3.361e-05 -6.48 -3.352
3.362e-05 -6.48 -3.36
3.363e-05 -6.48 -3.352
3.364e-05 -6.48 -3.352
3.365e-05 -6.48 -3.352
3.366e-05 -6.48 -3.352
3.367e-05 -6.48 -3.36
3.368e-05 -6.48 -3.352
3.369e-05 -6.48 -3.352
3.37e-05 -6.48 -3.352
3.371e-05 -6.4 -3.352
3.372e-05 -6.48 -3.352
3.373e-05 -6.48 -3.344
3.374e-05 -6.48 -3.352
3.375e-05 -6.48 -3.352
3.376e-05 -6.48 -3.344
3.377e-05 -6.48 -3.352
3.378e-05 -6.48 -3.352
3.379e-05 -6.48 -3.352
3.38e-05 -6.48 -3.352
3.381e-05 -6.48 -3.352
3.382e-05 -6.48 -3.352
3.383e-05 -6.48 -3.344
3.384e-05 -6.48 -3.344
3.385e-05 -6.48 -3.344
3.386e-05 -6.48 -3.352
3.387e-05 -6.48 -3.344
3.388e-05 -6.48 -3.336
3.389e-05 -6.48 -3.344
3.39e-05 -6.48 -3.344
3.391e-05 -6.48 -3.344
3.392e-05 -6.48 -3.344
3.393e-05 -6.48 -3.344
3.394e-05 -6.48 -3.344
3.395e-05 -6.48 -3.344
3.396e-05 -6.48 -3.344
3.397e-05 -6.48 -3.344
3.398e-05 -6.48 -3.344
3.399e-05 -6.48 -3.344
3.4e-05 -6.48 -3.352
3.401e-05 -6.48 -3.344
3.402e-05 -6.48 -3.344
3.403e-05 -6.48 -3.344
3.404e-05 -6.48 -3.344
3.405e-05 -6.48 -3.336
3.406e-05 -6.48 -3.344
3.407e-05 -6.48 -3.344
3.408e-05 -6.48 -3.336
3.409e-05 -6.4 -3.344
3.41e-05 -6.4 -3.344
3.411e-05 -6.48 -3.344
3.412e-05 -6.48 -3.344
3.413e-05 -6.48 -3.344
3.414e-05 -6.48 -3.344
3.415e-05 -6.48 -3.336
3.416e-05 -6.48 -3.344
3.417e-05 -6.48 -3.344
3.418e-05 -6.48 -3.336
3.419e-05 -6.48 -3.344
3.42e-05 -6.48 -3.336
3.421e-05 -6.48 -3.336
3.422e-05 -6.4 -3.336
3.423e-05 -6.48 -3.336
3.424e-05 -6.48 -3.336
3.425e-05 -6.48 -3.336
3.426e-05 -6.48 -3.328
3.427e-05 -6.48 -3.336
3.428e-05 -6.4 -3.336
3.429e-05 -6.48 -3.336
3.43e-05 -6.48 -3.328
3.431e-05 -6.48 -3.336
3.432e-05 -6.48 -3.336
3.433e-05 -6.48 -3.336
3.434e-05 -6.48 -3.336
3.435e-05 -6.48 -3.336
3.436e-05 -6.48 -3.328
3.437e-05 -6.48 -3.328
3.438e-05 -6.48 -3.328
3.439e-05 -6.48 -3.328
3.44e-05 -6.48 -3.328
3.441e-05 -6.48 -3.328
3.442e-05 -6.48 -3.328
3.443e-05 -6.48 -3.328
3.444e-05 -6.48 -3.328
3.445e-05 -6.48 -3.328
3.446e-05 -6.4 -3.328
3.447e-05 -6.48 -3.336
3.448e-05 -6.48 -3.328
3.449e-05 -6.48 -3.328
3.45e-05 -6.48 -3.328
3.451e-05 -6.48 -3.328
3.452e-05 -6.48 -3.328
3.453e-05 -6.48 -3.328
3.454e-05 -6.48 -3.328
3.455e-05 -6.48 -3.328
3.456e-05 -6.48 -3.32
3.457e-05 -6.4 -3.32
3.458e-05 -6.48 -3.328
3.459e-05 -6.48 -3.32
3.46e-05 -6.48 -3.32
3.461e-05 -6.48 -3.32
3.462e-05 -6.48 -3.32
3.463e-05 -6.48 -3.32
3.464e-05 -6.48 -3.328
3.465e-05 -6.48 -3.32
3.466e-05 -6.48 -3.32
3.467e-05 -6.48 -3.328
3.468e-05 -6.48 -3.328
3.469e-05 -6.48 -3.32
3.47e-05 -6.48 -3.32
3.471e-05 -6.48 -3.32
3.472e-05 -6.48 -3.328
3.473e-05 -6.48 -3.32
3.474e-05 -6.48 -3.32
3.475e-05 -6.48 -3.32
3.476e-05 -6.48 -3.32
3.477e-05 -6.48 -3.32
3.478e-05 -6.48 -3.32
3.479e-05 -6.48 -3.32
3.48e-05 -6.48 -3.32
3.481e-05 -6.4 -3.32
3.482e-05 -6.48 -3.32
3.483e-05 -6.4 -3.32
3.484e-05 -6.48 -3.32
3.485e-05 -6.48 -3.32
3.486e-05 -6.48 -3.32
3.487e-05 -6.48 -3.32
3.488e-05 -6.48 -3.32
3.489e-05 -6.48 -3.312
3.49e-05 -6.48 -3.32
3.491e-05 -6.48 -3.312
3.492e-05 -6.48 -3.32
3.493e-05 -6.48 -3.312
3.494e-05 -6.48 -3.312
3.495e-05 -6.48 -3.32
3.496e-05 -6.48 -3.312
3.497e-05 -6.4 -3.312
3.498e-05 -6.4 -3.312
3.499e-05 -6.4 -3.312
3.5e-05 -6.48 -3.312
3.501e-05 -6.48 -3.312
3.502e-05 -6.48 -3.32
3.503e-05 -6.4 -3.32
3.504e-05 -6.48 -3.312
3.505e-05 -6.48 -3.312
3.506e-05 -6.48 -3.312
3.507e-05 -6.48 -3.312
3.508e-05 -6.48 -3.312
3.509e-05 -6.48 -3.312
3.51e-05 -6.48 -3.312
3.511e-05 -6.48 -3.312
3.512e-05 -6.48 -3.304
3.513e-05 -6.48 -3.312
3.514e-05 -6.48 -3.312
3.515e-05 -6.4 -3.312
3.516e-05 -6.48 -3.312
3.517e-05 -6.4 -3.312
3.518e-05 -6.48 -3.312
3.519e-05 -6.48 -3.312
3.52e-05 -6.4 -3.304
3.521e-05 -6.48 -3.312
3.522e-05 -6.48 -3.312
3.523e-05 -6.48 -3.304
3.524e-05 -6.48 -3.304
3.525e-05 -6.48 -3.312
3.526e-05 -6.48 -3.304
3.527e-05 -6.48 -3.304
3.528e-05 -6.48 -3.304
3.529e-05 -6.48 -3.312
3.53e-05 -6.48 -3.312
3.531e-05 -6.48 -3.304
3.532e-05 -6.48 -3.304
3.533e-05 -6.48 -3.304
3.534e-05 -6.48 -3.304
3.535e-05 -6.48 -3.304
3.536e-05 -6.48 -3.304
3.537e-05 -6.48 -3.304
3.538e-05 -6.48 -3.296
3.539e-05 -6.48 -3.304
3.54e-05 -6.48 -3.304
3.541e-05 -6.48 -3.304
3.542e-05 -6.48 -3.296
3.543e-05 -6.48 -3.296
3.544e-05 -6.48 -3.296
3.545e-05 -6.48 -3.296
3.546e-05 -6.48 -3.304
3.547e-05 -6.48 -3.296
3.548e-05 -6.4 -3.296
3.549e-05 -6.48 -3.296
3.55e-05 -6.48 -3.304
3.551e-05 -6.48 -3.304
3.552e-05 -6.48 -3.296
3.553e-05 -6.48 -3.296
3.554e-05 -6.48 -3.296
3.555e-05 -6.48 -3.296
3.556e-05 -6.4 -3.296
3.557e-05 -6.48 -3.296
3.558e-05 -6.48 -3.296
3.559e-05 -6.4 -3.296
3.56e-05 -6.48 -3.296
3.561e-05 -6.48 -3.296
3.562e-05 -6.48 -3.288
3.563e-05 -6.48 -3.296
3.564e-05 -6.48 -3.288
3.565e-05 -6.48 -3.296
3.566e-05 -6.4 -3.296
3.567e-05 -6.48 -3.296
3.568e-05 -6.4 -3.296
3.569e-05 -6.48 -3.296
3.57e-05 -6.48 -3.296
3.571e-05 -6.48 -3.296
3.572e-05 -6.48 -3.296
3.573e-05 -6.4 -3.296
3.574e-05 -6.4 -3.296
3.575e-05 -6.48 -3.288
3.576e-05 -6.4 -3.296
3.577e-05 -6.48 -3.288
3.578e-05 -6.48 -3.288
3.579e-05 -6.48 -3.288
3.58e-05 -6.48 -3.288
3.581e-05 -6.4 -3.296
3.582e-05 -6.48 -3.288
3.583e-05 -6.48 -3.288
3.584e-05 -6.48 -3.288
3.585e-05 -6.48 -3.288
3.586e-05 -6.48 -3.288
3.587e-05 -6.48 -3.288
3.588e-05 -6.48 -3.288
3.589e-05 -6.48 -3.288
3.59e-05 -6.48 -3.296
3.591e-05 -6.48 -3.288
3.592e-05 -6.48 -3.288
3.593e-05 -6.48 -3.288
3.594e-05 -6.48 -3.28
3.595e-05 -6.48 -3.28
3.596e-05 -6.48 -3.288
3.597e-05 -6.4 -3.288
3.598e-05 -6.48 -3.288
3.599e-05 -6.4 -3.28
3.6e-05 -6.48 -3.288
3.601e-05 -6.4 -3.288
3.602e-05 -6.4 -3.28
3.603e-05 -6.48 -3.288
3.604e-05 -6.48 -3.288
3.605e-05 -6.48 -3.288
3.606e-05 -6.48 -3.28
3.607e-05 -6.48 -3.28
3.608e-05 -6.48 -3.28
3.609e-05 -6.48 -3.28
3.61e-05 -6.48 -3.28
3.611e-05 -6.4 -3.28
3.612e-05 -6.48 -3.28
3.613e-05 -6.48 -3.28
3.614e-05 -6.48 -3.28
3.615e-05 -6.48 -3.28
3.616e-05 -6.48 -3.28
3.617e-05 -6.48 -3.28
3.618e-05 -6.4 -3.28
3.619e-05 -6.48 -3.28
3.62e-05 -6.48 -3.288
3.621e-05 -6.48 -3.28
3.622e-05 -6.48 -3.28
3.623e-05 -6.48 -3.28
3.624e-05 -6.48 -3.28
3.625e-05 -6.48 -3.272
3.626e-05 -6.48 -3.272
3.627e-05 -6.48 -3.28
3.628e-05 -6.48 -3.28
3.629e-05 -6.48 -3.272
3.63e-05 -6.48 -3.272
3.631e-05 -6.48 -3.28
3.632e-05 -6.48 -3.28
3.633e-05 -6.48 -3.272
3.634e-05 -6.4 -3.28
3.635e-05 -6.48 -3.272
3.636e-05 -6.48 -3.272
3.637e-05 -6.48 -3.272
3.638e-05 -6.48 -3.28
3.639e-05 -6.4 -3.28
3.64e-05 -6.48 -3.272
3.641e-05 -6.48 -3.28
3.642e-05 -6.48 -3.272
3.643e-05 -6.48 -3.272
3.644e-05 -6.48 -3.272
3.645e-05 -6.48 -3.272
3.646e-05 -6.48 -3.264
3.647e-05 -6.48 -3.264
3.648e-05 -6.48 -3.264
3.649e-05 -6.48 -3.272
3.65e-05 -6.4 -3.272
3.651e-05 -6.4 -3.272
3.652e-05 -6.48 -3.272
3.653e-05 -6.48 -3.272
3.654e-05 -6.48 -3.272
3.655e-05 -6.48 -3.272
3.656e-05 -6.48 -3.264
3.657e-05 -6.48 -3.272
3.658e-05 -6.48 -3.28
3.659e-05 -6.48 -3.272
3.66e-05 -6.4 -3.264
3.661e-05 -6.48 -3.272
3.662e-05 -6.48 -3.272
3.663e-05 -6.48 -3.264
3.664e-05 -6.48 -3.264
3.665e-05 -6.48 -3.264
3.666e-05 -6.48 -3.272
3.667e-05 -6.48 -3.264
3.668e-05 -6.48 -3.272
3.669e-05 -6.48 -3.272
3.67e-05 -6.48 -3.264
3.671e-05 -6.48 -3.272
3.672e-05 -6.48 -3.264
3.673e-05 -6.48 -3.272
3.674e-05 -6.48 -3.264
3.675e-05 -6.48 -3.264
3.676e-05 -6.48 -3.264
3.677e-05 -6.48 -3.264
3.678e-05 -6.48 -3.264
3.679e-05 -6.48 -3.264
3.68e-05 -6.48 -3.264
3.681e-05 -6.48 -3.264
3.682e-05 -6.48 -3.264
3.683e-05 -6.48 -3.264
3.684e-05 -6.48 -3.264
3.685e-05 -6.48 -3.256
3.686e-05 -6.48 -3.264
3.687e-05 -6.48 -3.264
3.688e-05 -6.48 -3.264
3.689e-05 -6.4 -3.264
3.69e-05 -6.48 -3.264
3.691e-05 -6.48 -3.264
3.692e-05 -6.48 -3.264
3.693e-05 -6.48 -3.256
3.694e-05 -6.48 -3.264
3.695e-05 -6.48 -3.264
3.696e-05 -6.48 -3.256
3.697e-05 -6.48 -3.248
3.698e-05 -6.48 -3.256
3.699e-05 -6.4 -3.256
3.7e-05 -6.4 -3.256
3.701e-05 -6.48 -3.256
3.702e-05 -6.48 -3.256
3.703e-05 -6.48 -3.256
3.704e-05 -6.48 -3.256
3.705e-05 -6.48 -3.256
3.706e-05 -6.48 -3.256
3.707e-05 -6.4 -3.264
3.708e-05 -6.48 -3.256
3.709e-05 -6.4 -3.256
3.71e-05 -6.4 -3.256
3.711e-05 -6.48 -3.256
3.712e-05 -6.48 -3.256
3.713e-05 -6.48 -3.256
3.714e-05 -6.48 -3.256
3.715e-05 -6.48 -3.256
3.716e-05 -6.48 -3.248
3.717e-05 -6.4 -3.248
3.718e-05 -6.48 -3.248
3.719e-05 -6.48 -3.256
3.72e-05 -6.48 -3.248
3.721e-05 -6.48 -3.256
3.722e-05 -6.48 -3.256
3.723e-05 -6.48 -3.256
3.724e-05 -6.48 -3.256
3.725e-05 -6.48 -3.248
3.726e-05 -6.48 -3.256
3.727e-05 -6.4 -3.248
3.728e-05 -6.48 -3.248
3.729e-05 -6.48 -3.248
3.73e-05 -6.48 -3.248
3.731e-05 -6.48 -3.248
3.732e-05 -6.48 -3.248
3.733e-05 -6.48 -3.248
3.734e-05 -6.48 -3.248
3.735e-05 -6.48 -3.248
3.736e-05 -6.48 -3.248
3.737e-05 -6.48 -3.248
3.738e-05 -6.48 -3.248
3.739e-05 -6.48 -3.248
3.74e-05 -6.48 -3.256
3.741e-05 -6.48 -3.248
3.742e-05 -6.48 -3.248
3.743e-05 -6.48 -3.248
3.744e-05 -6.48 -3.248
3.745e-05 -6.48 -3.248
3.746e-05 -6.48 -3.248
3.747e-05 -6.48 -3.248
3.748e-05 -6.4 -3.24
3.749e-05 -6.48 -3.24
3.75e-05 -6.48 -3.24
3.751e-05 -6.48 -3.248
3.752e-05 -6.48 -3.248
3.753e-05 -6.48 -3.24
3.754e-05 -6.48 -3.248
3.755e-05 -6.4 -3.248
3.756e-05 -6.48 -3.24
3.757e-05 -6.48 -3.24
3.758e-05 -6.48 -3.24
3.759e-05 -6.48 -3.24
3.76e-05 -6.48 -3.248
3.761e-05 -6.48 -3.24
3.762e-05 -6.48 -3.248
3.763e-05 -6.48 -3.24
3.764e-05 -6.48 -3.24
3.765e-05 -6.48 -3.232
3.766e-05 -6.48 -3.24
3.767e-05 -6.48 -3.24
3.768e-05 -6.48 -3.24
3.769e-05 -6.48 -3.24
3.77e-05 -6.4 -3.24
3.771e-05 -6.48 -3.248
3.772e-05 -6.48 -3.248
3.773e-05 -6.48 -3.24
3.774e-05 -6.48 -3.24
3.775e-05 -6.48 -3.248
3.776e-05 -6.48 -3.24
3.777e-05 -6.48 -3.248
3.778e-05 -6.48 -3.24
3.779e-05 -6.48 -3.232
3.78e-05 -6.48 -3.232
3.781e-05 -6.48 -3.24
3.782e-05 -6.48 -3.24
3.783e-05 -6.48 -3.232
3.784e-05 -6.48 -3.232
3.785e-05 -6.4 -3.232
3.786e-05 -6.48 -3.232
3.787e-05 -6.48 -3.24
3.788e-05 -6.48 -3.232
3.789e-05 -6.48 -3.232
3.79e-05 -6.48 -3.24
3.791e-05 -6.48 -3.232
3.792e-05 -6.4 -3.24
3.793e-05 -6.48 -3.24
3.794e-05 -6.48 -3.232
3.795e-05 -6.48 -3.232
3.796e-05 -6.48 -3.232
3.797e-05 -6.48 -3.232
3.798e-05 -6.48 -3.232
3.799e-05 -6.48 -3.232
3.8e-05 -6.48 -3.232
3.801e-05 -6.48 -3.232
3.802e-05 -6.48 -3.232
3.803e-05 -6.48 -3.224
3.804e-05 -6.48 -3.232
3.805e-05 -6.48 -3.232
3.806e-05 -6.48 -3.224
3.807e-05 -6.4 -3.232
3.808e-05 -6.4 -3.232
3.809e-05 -6.48 -3.232
3.81e-05 -6.48 -3.232
3.811e-05 -6.48 -3.232
3.812e-05 -6.48 -3.232
3.813e-05 -6.48 -3.224
3.814e-05 -6.48 -3.232
3.815e-05 -6.4 -3.232
3.816e-05 -6.48 -3.224
3.817e-05 -6.48 -3.224
3.818e-05 -6.48 -3.224
3.819e-05 -6.48 -3.224
3.82e-05 -6.48 -3.232
3.821e-05 -6.48 -3.232
3.822e-05 -6.4 -3.232
3.823e-05 -6.48 -3.224
3.824e-05 -6.48 -3.232
3.825e-05 -6.48 -3.224
3.826e-05 -6.48 -3.224
3.827e-05 -6.48 -3.224
3.828e-05 -6.48 -3.232
3.829e-05 -6.48 -3.224
3.83e-05 -6.48 -3.224
3.831e-05 -6.48 -3.232
3.832e-05 -6.48 -3.224
3.833e-05 -6.48 -3.224
3.834e-05 -6.48 -3.224
3.835e-05 -6.48 -3.224
3.836e-05 -6.48 -3.216
3.837e-05 -6.48 -3.224
3.838e-05 -6.4 -3.224
3.839e-05 -6.48 -3.224
3.84e-05 -6.48 -3.224
3.841e-05 -6.48 -3.224
3.842e-05 -6.48 -3.224
3.843e-05 -6.48 -3.224
3.844e-05 -6.48 -3.224
3.845e-05 -6.48 -3.224
3.846e-05 -6.48 -3.224
3.847e-05 -6.48 -3.224
3.848e-05 -6.48 -3.224
3.849e-05 -6.48 -3.224
3.85e-05 -6.48 -3.224
3.851e-05 -6.48 -3.216
3.852e-05 -6.48 -3.216
3.853e-05 -6.48 -3.216
3.854e-05 -6.48 -3.224
3.855e-05 -6.48 -3.224
3.856e-05 -6.48 -3.216
3.857e-05 -6.48 -3.216
3.858e-05 -6.4 -3.224
3.859e-05 -6.48 -3.224
3.86e-05 -6.48 -3.224
3.861e-05 -6.48 -3.224
3.862e-05 -6.48 -3.224
3.863e-05 -6.48 -3.216
3.864e-05 -6.48 -3.224
3.865e-05 -6.48 -3.216
3.866e-05 -6.48 -3.216
3.867e-05 -6.48 -3.216
3.868e-05 -6.48 -3.216
3.869e-05 -6.48 -3.216
3.87e-05 -6.48 -3.216
3.871e-05 -6.48 -3.216
3.872e-05 -6.4 -3.216
3.873e-05 -6.48 -3.216
3.874e-05 -6.4 -3.216
3.875e-05 -6.48 -3.224
3.876e-05 -6.48 -3.216
3.877e-05 -6.48 -3.216
3.878e-05 -6.48 -3.216
3.879e-05 -6.48 -3.216
3.88e-05 -6.48 -3.216
3.881e-05 -6.48 -3.216
3.882e-05 -6.48 -3.208
3.883e-05 -6.48 -3.216
3.884e-05 -6.4 -3.208
3.885e-05 -6.48 -3.216
3.886e-05 -6.48 -3.208
3.887e-05 -6.48 -3.216
3.888e-05 -6.48 -3.216
3.889e-05 -6.48 -3.208
3.89e-05 -6.48 -3.216
3.891e-05 -6.48 -3.216
3.892e-05 -6.48 -3.216
3.893e-05 -6.48 -3.216
3.894e-05 -6.48 -3.208
3.895e-05 -6.48 -3.216
3.896e-05 -6.48 -3.216
3.897e-05 -6.48 -3.208
3.898e-05 -6.48 -3.216
3.899e-05 -6.48 -3.208
3.9e-05 -6.48 -3.208
3.901e-05 -6.48 -3.208
3.902e-05 -6.48 -3.208
3.903e-05 -6.48 -3.216
3.904e-05 -6.48 -3.208
3.905e-05 -6.48 -3.2
3.906e-05 -6.48 -3.216
3.907e-05 -6.48 -3.208
3.908e-05 -6.48 -3.208
3.909e-05 -6.48 -3.208
3.91e-05 -6.48 -3.216
3.911e-05 -6.48 -3.208
3.912e-05 -6.48 -3.208
3.913e-05 -6.48 -3.208
3.914e-05 -6.48 -3.2
3.915e-05 -6.48 -3.208
3.916e-05 -6.48 -3.2
3.917e-05 -6.48 -3.2
3.918e-05 -6.48 -3.2
3.919e-05 -6.4 -3.208
3.92e-05 -6.48 -3.192
3.921e-05 -6.48 -3.2
3.922e-05 -6.48 -3.2
3.923e-05 -6.48 -3.208
3.924e-05 -6.48 -3.208
3.925e-05 -6.48 -3.2
3.926e-05 -6.48 -3.208
3.927e-05 -6.48 -3.2
3.928e-05 -6.48 -3.2
3.929e-05 -6.48 -3.208
3.93e-05 -6.48 -3.208
3.931e-05 -6.48 -3.2
3.932e-05 -6.48 -3.2
3.933e-05 -6.48 -3.208
3.934e-05 -6.48 -3.2
3.935e-05 -6.48 -3.2
3.936e-05 -6.48 -3.2
3.937e-05 -6.48 -3.2
3.938e-05 -6.48 -3.2
3.939e-05 -6.48 -3.192
3.94e-05 -6.48 -3.2
3.941e-05 -6.48 -3.2
3.942e-05 -6.48 -3.208
3.943e-05 -6.48 -3.208
3.944e-05 -6.48 -3.2
3.945e-05 -6.48 -3.2
3.946e-05 -6.48 -3.2
3.947e-05 -6.48 -3.2
3.948e-05 -6.48 -3.2
3.949e-05 -6.48 -3.192
3.95e-05 -6.48 -3.192
3.951e-05 -6.48 -3.2
3.952e-05 -6.48 -3.192
3.953e-05 -6.48 -3.2
3.954e-05 -6.48 -3.2
3.955e-05 -6.48 -3.192
3.956e-05 -6.48 -3.2
3.957e-05 -6.48 -3.192
3.958e-05 -6.4 -3.2
3.959e-05 -6.4 -3.192
3.96e-05 -6.48 -3.2
3.961e-05 -6.48 -3.192
3.962e-05 -6.48 -3.192
3.963e-05 -6.48 -3.2
3.964e-05 -6.48 -3.192
3.965e-05 -6.48 -3.192
3.966e-05 -6.48 -3.2
3.967e-05 -6.48 -3.192
3.968e-05 -6.48 -3.192
3.969e-05 -6.48 -3.192
3.97e-05 -6.4 -3.184
3.971e-05 -6.48 -3.192
3.972e-05 -6.48 -3.192
3.973e-05 -6.48 -3.192
3.974e-05 -6.48 -3.192
3.975e-05 -6.48 -3.192
3.976e-05 -6.48 -3.192
3.977e-05 -6.4 -3.192
3.978e-05 -6.48 -3.192
3.979e-05 -6.48 -3.2
3.98e-05 -6.48 -3.192
3.981e-05 -6.48 -3.192
3.982e-05 -6.48 -3.192
3.983e-05 -6.48 -3.184
3.984e-05 -6.48 -3.192
3.985e-05 -6.48 -3.184
3.986e-05 -6.48 -3.184
3.987e-05 -6.48 -3.192
3.988e-05 -6.48 -3.184
3.989e-05 -6.48 -3.184
3.99e-05 -6.48 -3.184
3.991e-05 -6.48 -3.184
3.992e-05 -6.48 -3.184
3.993e-05 -6.4 -3.192
3.994e-05 -6.48 -3.192
3.995e-05 -6.48 -3.192
3.996e-05 -6.48 -3.184
3.997e-05 -6.48 -3.184
3.998e-05 -6.48 -3.192
3.999e-05 -6.48 -3.184
