0 2.4 6.2
1e-05 2.4 6.2
2e-05 -6.2 -4.8
3e-05 -6.2 -5
4e-05 -6.2 -5
5e-05 -6.2 -5
6e-05 -6.4 -5.2
7e-05 -6.4 -5
8e-05 -6.4 -5.2
9e-05 -6.4 -5.4
0.0001 -6.4 -5.2
0.00011 -6.4 -5.2
0.00012 -6.4 -5.2
0.00013 -6.6 -5
0.00014 -6.6 -5.4
0.00015 -6.6 -5.2
0.00016 -6.6 -5.4
0.00017 -6.6 -5.4
0.00018 -6.6 -5.4
0.00019 -6.8 -5.4
0.0002 -6.8 -5.6
0.00021 -6.6 -5.6
0.00022 -7 -5.6
0.00023 -7 -5.4
0.00024 -7 -5.4
0.00025 -7 -5.6
0.00026 -7 -5.4
0.00027 -7 -5.6
0.00028 -7.2 -5.4
0.00029 -7.2 -5.6
0.0003 -7.2 -5.6
0.00031 -7.4 -5.8
0.00032 -7.4 -5.6
0.00033 -7.4 -5.8
0.00034 -7.2 -5.8
0.00035 -7.4 -5.8
0.00036 -7.4 -5.6
0.00037 -7.4 -5.8
0.00038 -7.4 -5.8
0.00039 -7.4 -6
0.0004 -7.6 -5.8
0.00041 -7.8 -5.8
0.00042 -7.6 -6
0.00043 -7.8 -5.8
0.00044 -7.6 -6
0.00045 -7.8 -6
0.00046 -7.8 -5.8
0.00047 -7.8 -6
0.00048 -7.8 -6
0.00049 -8 -6
0.0005 -8 -6
0.00051 -8 -6
0.00052 -8 -6
0.00053 -8.2 -6
0.00054 -8.2 -6.2
0.00055 -8.2 -6.2
0.00056 -8.2 -6.2
0.00057 -8.2 -6.2
0.00058 -8.4 -6.2
0.00059 -8.4 -6
0.0006 -8.4 -6.2
0.00061 -8.4 -6.2
0.00062 -8.4 -6.4
0.00063 -8.4 -6.2
0.00064 -8.6 -6.2
0.00065 -8.6 -6.4
0.00066 -8.8 -6.4
0.00067 -8.6 -6.4
0.00068 -8.8 -6.4
0.00069 -8.8 -6.4
0.0007 -8.8 -6.6
0.00071 -8.8 -6.4
0.00072 -8.8 -6.4
0.00073 -8.8 -6.6
0.00074 -9 -6.6
0.00075 -9 -6.4
0.00076 -9 -6.4
0.00077 -9 -6.4
0.00078 -9 -6.6
0.00079 -9 -6.6
0.0008 -9 -6.6
0.00081 -9.2 -6.6
0.00082 -9.2 -6.6
0.00083 -9.2 -6.8
0.00084 -9.2 -6.6
0.00085 -9.2 -6.6
0.00086 -9.4 -6.6
0.00087 -9.4 -6.6
0.00088 -9.4 -6.6
0.00089 -9.4 -6.8
0.0009 -9.6 -6.6
0.00091 -9.6 -6.6
0.00092 -9.6 -6.6
0.00093 -9.6 -6.6
0.00094 -9.8 -6.8
0.00095 -9.6 -6.6
0.00096 -9.8 -6.6
0.00097 -9.8 -6.6
0.00098 -9.8 -6.6
0.00099 -9.6 -6.6
0.001 -9.8 -6.6
0.00101 -10 -6.6
0.00102 -9.8 -6.6
0.00103 -10 -6.6
0.00104 -10 -6.6
0.00105 -10 -6.8
0.00106 -9.8 -6.8
0.00107 -10.2 -6.8
0.00108 -9.8 -6.6
0.00109 -10.2 -6.8
0.0011 -10.2 -6.6
0.00111 -10.2 -6.8
0.00112 -10.2 -6.6
0.00113 -10.4 -6.6
0.00114 -10.4 -6.8
0.00115 -10.4 -6.8
0.00116 -10.6 -6.6
0.00117 -10.4 -6.6
0.00118 -10.4 -6.6
0.00119 -10.4 -6.6
0.0012 -10.6 -6.6
0.00121 -10.6 -6.8
0.00122 -10.6 -6.6
0.00123 -10.8 -6.6
0.00124 -10.8 -6.6
0.00125 -10.8 -6.6
0.00126 -10.6 -6.8
0.00127 -11 -6.6
0.00128 -10.8 -6.6
0.00129 -11 -6.8
0.0013 -11 -6.8
0.00131 -11 -6.6
0.00132 -11 -6.6
0.00133 -11.2 -6.6
0.00134 -11 -6.6
0.00135 -11.2 -6.6
0.00136 -11.2 -6.6
0.00137 -11.2 -6.6
0.00138 -11.4 -6.6
0.00139 -11.2 -6.8
0.0014 -11.2 -6.6
0.00141 -11.2 -6.6
0.00142 -11.4 -6.6
0.00143 -11.4 -6.6
0.00144 -11.6 -6.6
0.00145 -11.4 -6.6
0.00146 -11.4 -6.6
0.00147 -11.4 -6.6
0.00148 -11.6 -6.6
0.00149 -11.6 -6.6
0.0015 -11.6 -6.6
0.00151 -11.6 -6.6
0.00152 -11.8 -6.6
0.00153 -11.8 -6.6
0.00154 -11.8 -6.6
0.00155 -11.8 -6.6
0.00156 -11.8 -6.6
0.00157 -11.8 -6.6
0.00158 -12 -6.8
0.00159 -12 -6.6
0.0016 -12 -6.6
0.00161 -12 -6.6
0.00162 -12 -6.6
0.00163 -12 -6.6
0.00164 -12 -6.6
0.00165 -11.8 -6.6
0.00166 -11.8 -6.6
0.00167 -11.8 -6.6
0.00168 -11.8 -6.6
0.00169 -11.8 -6.6
0.0017 -11.8 -6.8
0.00171 -11.8 -6.6
0.00172 -11.6 -6.6
0.00173 -11.6 -6.6
0.00174 -11.8 -6.6
0.00175 -11.6 -6.6
0.00176 -11.6 -6.6
0.00177 -11.4 -6.6
0.00178 -11.4 -6.6
0.00179 -11.4 -6.6
0.0018 -11.4 -6.6
0.00181 -11.4 -6.6
0.00182 -11.4 -6.6
0.00183 -11.2 -6.6
0.00184 -11.2 -6.6
0.00185 -11.2 -6.6
0.00186 -11.2 -6.6
0.00187 -11.2 -6.6
0.00188 -11 -6.6
0.00189 -11.2 -6.6
0.0019 -11.2 -6.6
0.00191 -11 -6.6
0.00192 -10.8 -6.6
0.00193 -11 -6.6
0.00194 -10.8 -6.6
0.00195 -10.6 -6.4
0.00196 -10.6 -6.6
0.00197 -10.6 -6.6
0.00198 -10.6 -6.6
0.00199 -10.6 -6.6
0.002 -10.6 -6.6
0.00201 -10.4 -6.6
0.00202 -10.4 -6.6
0.00203 -10.4 -6.6
0.00204 -10.4 -6.6
0.00205 -10.4 -6.6
0.00206 -10.4 -6.6
0.00207 -10.4 -6.6
0.00208 -10.4 -6.6
0.00209 -10.2 -6.6
0.0021 -10.2 -6.6
0.00211 -10.2 -6.4
0.00212 -10.2 -6.6
0.00213 -10.2 -6.4
0.00214 -10.2 -6.6
0.00215 -10 -6.6
0.00216 -10 -6.6
0.00217 -10 -6.6
0.00218 -10 -6.4
0.00219 -9.8 -6.6
0.0022 -9.8 -6.6
0.00221 -9.8 -6.4
0.00222 -9.6 -6.4
0.00223 -9.6 -6.4
0.00224 -9.6 -6.4
0.00225 -9.6 -6.6
0.00226 -9.6 -6.2
0.00227 -9.6 -6.4
0.00228 -9.6 -6.6
0.00229 -9.4 -6.4
0.0023 -9.4 -6.4
0.00231 -9.4 -6.4
0.00232 -9.4 -6.4
0.00233 -9.2 -6.4
0.00234 -9.2 -6.4
0.00235 -9.2 -6.6
0.00236 -9.2 -6.4
0.00237 -9 -6.6
0.00238 -9.2 -6.4
0.00239 -9 -6.4
0.0024 -9 -6.4
0.00241 -9 -6.4
0.00242 -9 -6.6
0.00243 -9 -6.4
0.00244 -8.8 -6.2
0.00245 -9 -6.4
0.00246 -9 -6.2
0.00247 -8.8 -6.2
0.00248 -8.6 -6.2
0.00249 -8.8 -6.2
0.0025 -8.8 -6.2
0.00251 -8.8 -6
0.00252 -8.6 -6.2
0.00253 -8.4 -6
0.00254 -8.6 -6.2
0.00255 -8.4 -6.2
0.00256 -8.4 -6.2
0.00257 -8.4 -6.2
0.00258 -8.4 -6.2
0.00259 -8.2 -6
0.0026 -8.2 -6.2
0.00261 -8.2 -6
0.00262 -8.2 -6
0.00263 -8.2 -6
0.00264 -8 -5.8
0.00265 -8 -6
0.00266 -8 -6
0.00267 -8 -5.8
0.00268 -8 -5.8
0.00269 -7.8 -5.8
0.0027 -7.8 -5.8
0.00271 -7.8 -5.8
0.00272 -7.8 -5.8
0.00273 -7.8 -5.8
0.00274 -7.6 -5.8
0.00275 -7.6 -5.6
0.00276 -7.6 -5.8
0.00277 -7.6 -5.8
0.00278 -7.6 -5.8
0.00279 -7.4 -5.6
0.0028 -7.4 -5.6
0.00281 -7.2 -5.6
0.00282 -7.4 -5.8
0.00283 -7.2 -5.6
0.00284 -7.2 -5.6
0.00285 -7.2 -5.4
0.00286 -7.2 -5.4
0.00287 -7.2 -5.4
0.00288 -7 -5.4
0.00289 -7.2 -5.4
0.0029 -7 -5.4
0.00291 -7 -5.2
0.00292 -7 -5.4
0.00293 -6.8 -5.4
0.00294 -7 -5.4
0.00295 -6.8 -5.2
0.00296 -6.8 -5.4
0.00297 -6.8 -5.2
0.00298 -6.8 -5.2
0.00299 -6.6 -5.2
0.003 -6.6 -5.2
0.00301 -6.6 -5.2
0.00302 -6.6 -5.2
0.00303 -6.6 -5.2
0.00304 -6.6 -5.2
0.00305 -6.4 -5
0.00306 -6.4 -5.2
0.00307 -6.4 -5.2
0.00308 -6.2 -5
0.00309 -6.2 -5.2
0.0031 -6.2 -5
0.00311 -6.2 -5
0.00312 -6.2 -5
0.00313 -6.2 -4.8
0.00314 -6 -4.8
0.00315 -6 -4.8
0.00316 -6 -4.8
0.00317 -6 -4.8
0.00318 -5.8 -4.8
0.00319 -5.8 -4.6
0.0032 -5.8 -4.6
0.00321 -5.8 -4.6
0.00322 -5.8 -4.6
0.00323 -5.8 -4.6
0.00324 -5.8 -4.6
0.00325 -5.6 -4.4
0.00326 -5.6 -4.4
0.00327 -5.6 -4.2
0.00328 -5.6 -4.2
0.00329 -5.4 -4.2
0.0033 -5.4 -4.2
0.00331 -5.4 -3.8
0.00332 -5.2 -4
0.00333 -5.2 -3.8
0.00334 -5.2 -3.8
0.00335 -5.2 -3.8
0.00336 -5 -3.6
0.00337 -5 -3.6
0.00338 -5 -3.6
0.00339 -5 -3.6
0.0034 -5 -3.6
0.00341 -5 -3.4
0.00342 -4.8 -3.4
0.00343 -4.8 -3.4
0.00344 -4.8 -3.4
0.00345 -4.8 -3.4
0.00346 -4.6 -3.4
0.00347 -4.6 -3.2
0.00348 -4.6 -3
0.00349 -4.6 -3
0.0035 -4.4 -3
0.00351 -4.6 -3
0.00352 -4.4 -2.8
0.00353 -4.4 -2.8
0.00354 -4.4 -2.6
0.00355 -4.2 -2.6
0.00356 -4.2 -2.6
0.00357 -4.2 -2.6
0.00358 -4.2 -2.6
0.00359 -4 -2.4
0.0036 -4 -2.4
0.00361 -4 -2.4
0.00362 -4 -2.4
0.00363 -3.8 -2.4
0.00364 -4 -2
0.00365 -3.8 -2.2
0.00366 -3.8 -2.2
0.00367 -3.6 -2
0.00368 -3.8 -2
0.00369 -3.6 -2
0.0037 -3.6 -1.8
0.00371 -3.4 -1.8
0.00372 -3.6 -1.6
0.00373 -3.6 -1.6
0.00374 -3.4 -1.8
0.00375 -3.2 -1.4
0.00376 -3.4 -1.6
0.00377 -3.2 -1.4
0.00378 -3.4 -1.4
0.00379 -3.2 -1.2
0.0038 -3.2 -1.2
0.00381 -3.2 -1.2
0.00382 -3 -1
0.00383 -3 -1
0.00384 -3 -1
0.00385 -3 -1
0.00386 -3 -1
0.00387 -2.8 -1
0.00388 -2.8 -0.6
0.00389 -2.8 -0.8
0.0039 -2.8 -0.6
0.00391 -2.6 -0.8
0.00392 -2.8 -0.6
0.00393 -2.6 -0.6
0.00394 -2.6 -0.6
0.00395 -2.6 -0.4
0.00396 -2.4 -0.4
0.00397 -2.4 -0.4
0.00398 -2.4 0
0.00399 -2.4 0
0.004 -2.4 0
0.00401 -2.2 0
0.00402 -2.2 0
0.00403 -2.2 0.2
0.00404 -2.2 0.2
0.00405 -2.2 0.2
0.00406 -2.2 0.4
0.00407 -2.2 0.2
0.00408 -1.8 0.4
0.00409 -2 0.4
0.0041 -2 0.4
0.00411 -1.8 0.6
0.00412 -1.8 0.8
0.00413 -1.8 0.8
0.00414 -1.6 1
0.00415 -1.6 1
0.00416 -1.6 1
0.00417 -1.6 1.2
0.00418 -1.6 1.2
0.00419 -1.4 1.2
0.0042 -1.4 1.4
0.00421 -1.4 1.4
0.00422 -1.4 1.4
0.00423 -1.4 1.6
0.00424 -1.4 1.6
0.00425 -1 1.8
0.00426 -1 1.8
0.00427 -1 2
0.00428 -1 2
0.00429 -1 2.2
0.0043 -1 2.2
0.00431 -1 2.2
0.00432 -0.8 2.4
0.00433 -1 2.4
0.00434 -0.8 2.4
0.00435 -0.8 2.4
0.00436 -0.8 2.6
0.00437 -0.8 2.6
0.00438 -0.4 2.8
0.00439 -0.6 2.8
0.0044 -0.4 2.8
0.00441 -0.4 3
0.00442 0 3
0.00443 -0.4 2.8
0.00444 -0.4 3
0.00445 0 3.2
0.00446 0 3.2
0.00447 0 3.2
0.00448 0 3.2
0.00449 0.2 3.4
0.0045 0.2 3.4
0.00451 0.2 3.4
0.00452 0.2 3.6
0.00453 0.2 3.6
0.00454 0.2 3.6
0.00455 0.4 3.6
0.00456 0.4 3.6
0.00457 0.4 4
0.00458 0.4 4
0.00459 0.4 4
0.0046 0.6 4
0.00461 0.6 4
0.00462 0.6 4
0.00463 0.8 4.2
0.00464 0.8 4.4
0.00465 0.8 4.4
0.00466 0.8 4.4
0.00467 1 4.6
0.00468 0.8 4.4
0.00469 1 4.6
0.0047 1 4.6
0.00471 1 4.6
0.00472 1 4.8
0.00473 1.2 4.8
0.00474 1.2 4.8
0.00475 1.2 4.8
0.00476 1.2 5
0.00477 1.4 5
0.00478 1.4 5
0.00479 1.4 5
0.0048 1.6 5.2
0.00481 1.4 5.2
0.00482 1.6 5.2
0.00483 1.6 5.2
0.00484 1.6 5.4
0.00485 1.6 5.4
0.00486 1.6 5.4
0.00487 1.6 5.6
0.00488 1.8 5.6
0.00489 1.8 5.6
0.0049 1.8 5.8
0.00491 1.8 5.8
0.00492 1.8 5.8
0.00493 2 6
0.00494 2 6
0.00495 2 6
0.00496 2 6.2
0.00497 2 6
0.00498 2 6.2
0.00499 2 6.2
0.005 2.4 6.2
0.00501 2.4 6.4
0.00502 2.4 6.4
0.00503 2.4 6.4
0.00504 2.4 6.4
0.00505 2.4 6.6
0.00506 2.6 6.4
0.00507 2.6 6.6
0.00508 2.6 6.8
0.00509 2.6 6.8
0.0051 2.6 6.8
0.00511 2.8 7
0.00512 2.8 6.8
0.00513 3 7
0.00514 3 7
0.00515 3 7
0.00516 3 7.2
0.00517 3.2 7.2
0.00518 3.2 7.2
0.00519 3.2 7.2
0.0052 3.2 7.2
0.00521 3.4 7.6
0.00522 3.2 7.4
0.00523 3.2 7.6
0.00524 3.4 7.6
0.00525 3.4 7.4
0.00526 3.4 7.8
0.00527 3.4 7.6
0.00528 3.6 7.6
0.00529 3.4 8
0.0053 3.6 7.8
0.00531 3.6 8
0.00532 3.6 8
0.00533 3.8 7.8
0.00534 3.8 8.2
0.00535 3.8 8.2
0.00536 3.8 8.4
0.00537 4 8.4
0.00538 4 8.2
0.00539 4 8.4
0.0054 4 8.4
0.00541 4 8.2
0.00542 4 8.4
0.00543 4 8.4
0.00544 4.2 8.4
0.00545 4.2 8.4
0.00546 4.2 8.4
0.00547 4.2 8.2
0.00548 4.2 8.4
0.00549 4.2 8.6
0.0055 4.4 8.4
0.00551 4.4 8.4
0.00552 4.4 8.6
0.00553 4.4 8.6
0.00554 4.4 8.6
0.00555 4.6 8.6
0.00556 4.6 8.6
0.00557 4.6 8.8
0.00558 4.8 8.6
0.00559 4.8 8.6
0.0056 4.8 8.8
0.00561 4.8 8.6
0.00562 4.8 8.8
0.00563 4.8 8.6
0.00564 5 8.8
0.00565 4.8 8.8
0.00566 4.8 8.6
0.00567 5 8.8
0.00568 5 8.8
0.00569 5.2 8.8
0.0057 5.2 9
0.00571 5.2 8.8
0.00572 5.2 8.8
0.00573 5.2 8.8
0.00574 5.2 8.8
0.00575 5.2 9
0.00576 5.4 8.8
0.00577 5.4 9
0.00578 5.6 9
0.00579 5.6 9
0.0058 5.6 9.2
0.00581 5.6 9
0.00582 5.6 9.2
0.00583 5.6 9.2
0.00584 5.6 9
0.00585 5.6 9
0.00586 5.6 9
0.00587 5.8 9.2
0.00588 5.8 9.2
0.00589 5.8 9
0.0059 6 9.2
0.00591 6 9.2
0.00592 5.8 9.2
0.00593 6 9.2
0.00594 6 9.2
0.00595 6.2 9.2
0.00596 6.2 9.4
0.00597 6.2 9.2
0.00598 6.2 9.2
0.00599 6.4 9.4
0.006 6.2 9.4
0.00601 6.4 9.4
0.00602 6.4 9.4
0.00603 6.4 9.4
0.00604 6.4 9.4
0.00605 6.4 9.4
0.00606 6.4 9.6
0.00607 6.6 9.2
0.00608 6.6 9.4
0.00609 6.6 9.4
0.0061 6.6 9.4
0.00611 6.6 9.6
0.00612 6.8 9.4
0.00613 6.8 9.6
0.00614 6.8 9.6
0.00615 6.8 9.6
0.00616 6.8 9.6
0.00617 7 9.6
0.00618 6.8 9.6
0.00619 7 9.8
0.0062 7 9.6
0.00621 7.2 9.8
0.00622 7 9.6
0.00623 7 9.6
0.00624 7 9.6
0.00625 7.2 9.6
0.00626 7.2 9.8
0.00627 7.2 9.8
0.00628 7.2 9.6
0.00629 7.2 9.8
0.0063 7.2 9.8
0.00631 7.2 9.8
0.00632 7.2 9.8
0.00633 7.4 9.8
0.00634 7.6 10
0.00635 7.4 9.6
0.00636 7.6 9.6
0.00637 7.6 9.8
0.00638 7.6 9.8
0.00639 7.6 9.8
0.0064 7.6 9.8
0.00641 7.6 9.8
0.00642 7.8 9.8
0.00643 7.8 9.6
0.00644 7.8 9.8
0.00645 8 9.8
0.00646 8 9.8
0.00647 8 9.8
0.00648 8 9.8
0.00649 8 9.8
0.0065 8 9.8
0.00651 8.2 9.8
0.00652 8 9.8
0.00653 8 9.6
0.00654 8.2 9.8
0.00655 8.2 9.6
0.00656 8.2 9.8
0.00657 8.4 9.8
0.00658 8.4 9.6
0.00659 8.4 9.6
0.0066 8.4 9.6
0.00661 8.4 9.8
0.00662 8.4 9.8
0.00663 8.6 9.8
0.00664 8.4 9.8
0.00665 8.6 9.8
0.00666 8.6 9.6
0.00667 8.8 9.8
0.00668 8.8 9.8
0.00669 8.8 9.6
0.0067 8.8 9.8
0.00671 9 9.6
0.00672 8.8 9.8
0.00673 8.8 9.6
0.00674 8.8 9.8
0.00675 8.8 9.8
0.00676 9 9.6
0.00677 9 9.6
0.00678 9 9.8
0.00679 9.2 9.6
0.0068 9.2 9.8
0.00681 9.2 9.8
0.00682 9.2 9.8
0.00683 9.2 9.6
0.00684 9.2 9.6
0.00685 9.2 9.8
0.00686 9.4 9.8
0.00687 9.2 9.8
0.00688 9.2 9.8
0.00689 9.2 9.8
0.0069 9.2 9.8
0.00691 9 9.6
0.00692 9.2 9.8
0.00693 9 9.6
0.00694 9 9.6
0.00695 9 9.6
0.00696 9 9.8
0.00697 9 9.6
0.00698 8.8 9.6
0.00699 8.8 9.6
0.007 8.8 9.6
0.00701 8.8 9.8
0.00702 8.8 9.8
0.00703 8.8 9.8
0.00704 8.6 9.8
0.00705 8.6 9.6
0.00706 8.6 9.6
0.00707 8.6 9.8
0.00708 8.6 9.8
0.00709 8.4 9.8
0.0071 8.4 9.6
0.00711 8.4 9.8
0.00712 8.2 9.8
0.00713 8.4 9.6
0.00714 8.4 9.8
0.00715 8.2 9.6
0.00716 8.2 9.8
0.00717 8.2 9.6
0.00718 8 9.6
0.00719 8 9.6
0.0072 8 9.6
0.00721 8 9.6
0.00722 8 9.8
0.00723 8 9.6
0.00724 8 9.6
0.00725 8 9.6
0.00726 7.8 9.6
0.00727 7.8 9.6
0.00728 7.8 9.6
0.00729 7.6 9.6
0.0073 7.6 9.8
0.00731 7.6 9.6
0.00732 7.6 9.6
0.00733 7.4 9.6
0.00734 7.4 9.6
0.00735 7.4 9.6
0.00736 7.6 9.6
0.00737 7.2 9.6
0.00738 7.4 9.6
0.00739 7.4 9.6
0.0074 7.2 9.6
0.00741 7.2 9.6
0.00742 7.2 9.6
0.00743 7.2 9.6
0.00744 7.2 9.6
0.00745 7 9.6
0.00746 7 9.6
0.00747 7 9.6
0.00748 7 9.6
0.00749 6.8 9.6
0.0075 7 9.4
0.00751 6.8 9.6
0.00752 6.8 9.4
0.00753 6.8 9.4
0.00754 6.8 9.6
0.00755 6.8 9.4
0.00756 6.6 9.4
0.00757 6.6 9.4
0.00758 6.4 9.2
0.00759 6.4 9.2
0.0076 6.4 9.4
0.00761 6.4 9.2
0.00762 6.4 9.4
0.00763 6.4 9.4
0.00764 6.4 9.2
0.00765 6.4 9.2
0.00766 6.2 9.2
0.00767 6.2 9.2
0.00768 6.4 9.2
0.00769 6.2 9.2
0.0077 6 9
0.00771 6 9.2
0.00772 6 9.2
0.00773 6 9
0.00774 5.8 9
0.00775 5.8 9
0.00776 6 9
0.00777 5.8 9
0.00778 5.8 9
0.00779 5.8 8.8
0.0078 5.8 9
0.00781 5.6 9
0.00782 5.6 8.8
0.00783 5.6 9
0.00784 5.6 8.8
0.00785 5.6 8.8
0.00786 5.6 8.8
0.00787 5.6 8.8
0.00788 5.4 8.8
0.00789 5.4 8.8
0.0079 5.4 8.8
0.00791 5.4 8.8
0.00792 5.2 8.8
0.00793 5.2 8.8
0.00794 5.2 8.6
0.00795 5 8.8
0.00796 5 8.8
0.00797 5 8.6
0.00798 5 8.4
0.00799 5 8.6
0.008 4.8 8.4
0.00801 4.8 8.6
0.00802 5 8.4
0.00803 4.8 8.6
0.00804 4.8 8.4
0.00805 4.8 8.4
0.00806 4.8 8.6
0.00807 4.6 8.4
0.00808 4.6 8.4
0.00809 4.8 8.2
0.0081 4.6 8.4
0.00811 4.4 8.4
0.00812 4.4 8.2
0.00813 4.4 8.2
0.00814 4.4 8.4
0.00815 4.2 8.2
0.00816 4.4 8.4
0.00817 4.2 8.2
0.00818 4.2 8.2
0.00819 4.2 8.2
0.0082 4.2 8.2
0.00821 4.2 8.2
0.00822 4 8
0.00823 4 8.2
0.00824 4 8
0.00825 4 8
0.00826 4 8
0.00827 3.6 8
0.00828 3.8 8
0.00829 3.8 8
0.0083 3.6 7.8
0.00831 3.6 8
0.00832 3.6 8
0.00833 3.6 7.8
0.00834 3.6 7.8
0.00835 3.4 7.8
0.00836 3.4 7.8
0.00837 3.4 7.8
0.00838 3.4 7.6
0.00839 3.4 7.6
0.0084 3.2 7.6
0.00841 3.2 7.4
0.00842 3.2 7.6
0.00843 3.2 7.4
0.00844 3.2 7.4
0.00845 3.2 7.4
0.00846 3.2 7.2
0.00847 3.2 7.2
0.00848 3 7.2
0.00849 2.8 7.2
0.0085 2.8 7
0.00851 2.8 6.8
0.00852 2.8 7
0.00853 2.8 6.8
0.00854 2.8 6.8
0.00855 2.6 6.8
0.00856 2.6 6.6
0.00857 2.6 6.8
0.00858 2.4 6.6
0.00859 2.4 6.4
0.0086 2.4 6.6
0.00861 2.4 6.4
0.00862 2.4 6.4
0.00863 2 6.2
0.00864 2.2 6.2
0.00865 2.2 6.4
0.00866 2 6.2
0.00867 2 6.2
0.00868 2 6
0.00869 2 5.8
0.0087 1.8 6
0.00871 1.8 5.8
0.00872 1.8 5.8
0.00873 1.8 6
0.00874 1.8 5.6
0.00875 1.8 5.6
0.00876 1.6 5.6
0.00877 1.6 5.6
0.00878 1.6 5.6
0.00879 1.4 5.4
0.0088 1.6 5.4
0.00881 1.4 5.4
0.00882 1.6 5.2
0.00883 1.4 5.2
0.00884 1.2 5.2
0.00885 1.2 5
0.00886 1.2 5
0.00887 1.2 5
0.00888 1.2 4.8
0.00889 1 4.8
0.0089 1 4.8
0.00891 1 4.8
0.00892 1 4.6
0.00893 1 4.6
0.00894 0.8 4.6
0.00895 0.8 4.4
0.00896 0.8 4.4
0.00897 0.6 4.2
0.00898 0.8 4.2
0.00899 0.6 4.2
0.009 0.6 4.2
0.00901 0.6 4.2
0.00902 0.4 4
0.00903 0.4 4
0.00904 0.4 4
0.00905 0.4 3.8
0.00906 0.4 3.8
0.00907 0.4 3.6
0.00908 0.4 3.8
0.00909 0.2 3.6
0.0091 0 3.6
0.00911 0 3.6
0.00912 0 3.4
0.00913 0 3.4
0.00914 0 3.2
0.00915 0 3.2
0.00916 0 3.2
0.00917 -0.4 3
0.00918 -0.4 3
0.00919 -0.4 3.2
0.0092 -0.4 3
0.00921 -0.4 3
0.00922 -0.6 2.8
0.00923 -0.8 2.8
0.00924 -0.6 2.8
0.00925 -0.6 2.8
0.00926 -0.8 2.6
0.00927 -0.8 2.8
0.00928 -0.8 2.4
0.00929 -0.8 2.6
0.0093 -1 2.4
0.00931 -1 2.4
0.00932 -1 2.4
0.00933 -1 2.2
0.00934 -1 2.2
0.00935 -1.2 2
0.00936 -1 2
0.00937 -1.2 2
0.00938 -1.4 1.6
0.00939 -1.4 1.6
0.0094 -1.4 1.6
0.00941 -1.4 1.4
0.00942 -1.4 1.6
0.00943 -1.4 1.4
0.00944 -1.6 1.4
0.00945 -1.8 1.2
0.00946 -1.6 1.2
0.00947 -1.8 1.2
0.00948 -1.8 1.2
0.00949 -1.8 0.8
0.0095 -1.8 1
0.00951 -1.8 0.6
0.00952 -2 0.8
0.00953 -1.8 0.6
0.00954 -2 0.6
0.00955 -2 0.6
0.00956 -2 0.4
0.00957 -2.2 0.2
0.00958 -2.2 0.2
0.00959 -2.2 0.2
0.0096 -2.4 0
0.00961 -2.4 0
0.00962 -2.4 0
0.00963 -2.4 0
0.00964 -2.2 0
0.00965 -2.6 0
0.00966 -2.4 -0.4
0.00967 -2.6 -0.4
0.00968 -2.6 -0.4
0.00969 -2.6 -0.6
0.0097 -2.6 -0.6
0.00971 -2.6 -0.6
0.00972 -2.8 -0.6
0.00973 -2.8 -0.6
0.00974 -2.8 -0.8
0.00975 -3 -1
0.00976 -3 -0.8
0.00977 -3 -1
0.00978 -3.2 -1
0.00979 -3 -1.2
0.0098 -3.2 -1.2
0.00981 -3.2 -1.2
0.00982 -3.2 -1.4
0.00983 -3.4 -1.4
0.00984 -3.4 -1.4
0.00985 -3.4 -1.4
0.00986 -3.4 -1.6
0.00987 -3.4 -1.4
0.00988 -3.6 -1.4
0.00989 -3.4 -1.8
0.0099 -3.6 -1.8
0.00991 -3.8 -1.8
0.00992 -3.6 -1.8
0.00993 -3.8 -1.8
0.00994 -3.6 -2
0.00995 -3.8 -2
0.00996 -3.8 -2
0.00997 -4 -2.2
0.00998 -4 -2.2
0.00999 -3.8 -2.2
0.01 -4 -2.4
0.01001 -4 -2.2
0.01002 -4 -2.6
0.01003 -4 -2.6
0.01004 -4.2 -2.4
0.01005 -4.4 -2.6
0.01006 -4.2 -2.6
0.01007 -4.4 -2.8
0.01008 -4.2 -2.8
0.01009 -4.4 -2.8
0.0101 -4.2 -3
0.01011 -4.6 -2.8
0.01012 -4.6 -3
0.01013 -4.6 -3
0.01014 -4.8 -3
0.01015 -4.6 -3
0.01016 -4.8 -3.2
0.01017 -4.8 -3.2
0.01018 -4.8 -3.2
0.01019 -4.8 -3.4
0.0102 -5 -3.4
0.01021 -5 -3.4
0.01022 -5 -3.6
0.01023 -5 -3.6
0.01024 -5 -3.6
0.01025 -5.2 -3.8
0.01026 -5.2 -3.8
0.01027 -5.2 -3.8
0.01028 -5.2 -4
0.01029 -5.4 -3.8
0.0103 -5.4 -3.8
0.01031 -5.4 -4
0.01032 -5.4 -4
0.01033 -5.4 -4.2
0.01034 -5.6 -4.2
0.01035 -5.6 -4.2
0.01036 -5.6 -4.2
0.01037 -5.6 -4.2
0.01038 -5.8 -4.4
0.01039 -5.8 -4.4
0.0104 -5.8 -4.6
0.01041 -5.8 -4.6
0.01042 -5.8 -4.4
0.01043 -5.8 -4.6
0.01044 -6 -4.8
0.01045 -5.8 -4.8
0.01046 -6 -4.8
0.01047 -6.2 -5
0.01048 -6 -5
0.01049 -6.2 -5.2
0.0105 -6.2 -5
0.01051 -6.2 -5.2
0.01052 -6.2 -5
0.01053 -6.2 -5.2
0.01054 -6.4 -5.2
0.01055 -6.4 -5.2
0.01056 -6.4 -5.2
0.01057 -6.4 -5.4
0.01058 -6.4 -5.4
0.01059 -6.6 -5.4
0.0106 -6.6 -5.2
0.01061 -6.6 -5.4
0.01062 -6.6 -5.2
0.01063 -6.8 -5.4
0.01064 -6.8 -5.6
0.01065 -6.6 -5.4
0.01066 -6.8 -5.4
0.01067 -6.8 -5.4
0.01068 -7 -5.4
0.01069 -7 -5.8
0.0107 -7 -5.4
0.01071 -7 -5.8
0.01072 -7 -5.6
0.01073 -7.2 -5.6
0.01074 -7.2 -5.8
0.01075 -7.2 -5.6
0.01076 -7.2 -5.6
0.01077 -7.2 -5.6
0.01078 -7.4 -5.6
0.01079 -7.4 -5.6
0.0108 -7.4 -5.8
0.01081 -7.4 -5.6
0.01082 -7.4 -5.8
0.01083 -7.4 -5.8
0.01084 -7.4 -5.8
0.01085 -7.4 -5.8
0.01086 -7.6 -6
0.01087 -7.6 -5.8
0.01088 -7.8 -5.8
0.01089 -7.8 -5.8
0.0109 -7.8 -6
0.01091 -7.8 -6
0.01092 -7.8 -6
0.01093 -8 -6
0.01094 -8 -6
0.01095 -8 -6.2
0.01096 -8 -6
0.01097 -8 -6.2
0.01098 -8 -6.2
0.01099 -8.2 -6
0.011 -8 -6.2
0.01101 -8.2 -6.2
0.01102 -8.2 -6
0.01103 -8.4 -6.2
0.01104 -8.2 -5.8
0.01105 -8.4 -6.2
0.01106 -8.4 -6.2
0.01107 -8.4 -6.2
0.01108 -8.6 -6.2
0.01109 -8.6 -6.2
0.0111 -8.6 -6.2
0.01111 -8.4 -6
0.01112 -8.6 -6.2
0.01113 -8.6 -6.4
0.01114 -8.6 -6.6
0.01115 -8.8 -6.4
0.01116 -8.8 -6.4
0.01117 -8.8 -6.4
0.01118 -8.8 -6.4
0.01119 -9 -6.4
0.0112 -9 -6.4
0.01121 -9 -6.6
0.01122 -9 -6.6
0.01123 -9 -6.6
0.01124 -9 -6.6
0.01125 -9 -6.6
0.01126 -9.2 -6.6
0.01127 -9 -6.6
0.01128 -9.2 -6.6
0.01129 -9.2 -6.6
0.0113 -9.4 -6.6
0.01131 -9.4 -6.6
0.01132 -9.6 -6.8
0.01133 -9.4 -6.6
0.01134 -9.6 -6.6
0.01135 -9.4 -6.6
0.01136 -9.4 -6.8
0.01137 -9.6 -6.6
0.01138 -9.4 -6.6
0.01139 -9.6 -6.6
0.0114 -9.8 -6.6
0.01141 -9.8 -6.6
0.01142 -9.8 -6.6
0.01143 -9.6 -6.6
0.01144 -9.8 -6.8
0.01145 -9.8 -6.6
0.01146 -10 -6.6
0.01147 -9.8 -6.6
0.01148 -9.8 -6.6
0.01149 -9.8 -6.6
0.0115 -9.8 -6.6
0.01151 -10 -6.6
0.01152 -10.2 -6.8
0.01153 -10.2 -6.6
0.01154 -10 -6.8
0.01155 -10.2 -6.8
0.01156 -10.4 -6.8
0.01157 -10.2 -6.6
0.01158 -10.2 -6.6
0.01159 -10.4 -6.6
0.0116 -10.4 -6.6
0.01161 -10.4 -6.6
0.01162 -10.4 -6.6
0.01163 -10.4 -6.6
0.01164 -10.6 -6.6
0.01165 -10.6 -6.6
0.01166 -10.6 -6.6
0.01167 -10.6 -6.8
0.01168 -10.8 -6.6
0.01169 -10.8 -6.6
0.0117 -10.6 -6.6
0.01171 -10.6 -6.8
0.01172 -10.8 -6.8
0.01173 -11 -6.6
0.01174 -11 -6.6
0.01175 -11 -6.6
0.01176 -11 -6.8
0.01177 -11 -6.6
0.01178 -11 -6.6
0.01179 -11 -6.8
0.0118 -11.2 -6.8
0.01181 -11 -6.6
0.01182 -11.2 -6.6
0.01183 -11.2 -6.6
0.01184 -11.2 -6.6
0.01185 -11.2 -6.6
0.01186 -11.4 -6.6
0.01187 -11.4 -6.6
0.01188 -11.4 -6.6
0.01189 -11.4 -6.6
0.0119 -11.4 -6.6
0.01191 -11.4 -6.6
0.01192 -11.4 -6.6
0.01193 -11.4 -6.6
0.01194 -11.6 -6.6
0.01195 -11.6 -6.6
0.01196 -11.6 -6.6
0.01197 -11.8 -6.6
0.01198 -11.8 -6.6
0.01199 -11.8 -6.6
0.012 -11.8 -6.8
0.01201 -11.8 -6.6
0.01202 -11.8 -6.6
0.01203 -12 -6.6
0.01204 -11.8 -6.6
0.01205 -12 -6.6
0.01206 -11.8 -6.8
0.01207 -11.8 -6.6
0.01208 -12 -6.6
0.01209 -11.8 -6.6
0.0121 -12 -6.6
0.01211 -12 -6.6
0.01212 -11.8 -6.6
0.01213 -11.8 -6.8
0.01214 -11.8 -6.6
0.01215 -11.8 -6.6
0.01216 -11.6 -6.6
0.01217 -11.6 -6.6
0.01218 -11.6 -6.6
0.01219 -11.6 -6.6
0.0122 -11.6 -6.6
0.01221 -11.4 -6.6
0.01222 -11.6 -6.6
0.01223 -11.4 -6.6
0.01224 -11.4 -6.6
0.01225 -11.4 -6.6
0.01226 -11.4 -6.6
0.01227 -11.2 -6.6
0.01228 -11.2 -6.6
0.01229 -11.2 -6.6
0.0123 -11 -6.6
0.01231 -11.2 -6.6
0.01232 -11 -6.4
0.01233 -11.2 -6.6
0.01234 -11.2 -6.6
0.01235 -11 -6.4
0.01236 -11 -6.6
0.01237 -11 -6.4
0.01238 -11 -6.6
0.01239 -10.8 -6.6
0.0124 -10.8 -6.6
0.01241 -10.8 -6.6
0.01242 -10.8 -6.4
0.01243 -10.6 -6.6
0.01244 -10.6 -6.6
0.01245 -10.6 -6.6
0.01246 -10.6 -6.6
0.01247 -10.6 -6.6
0.01248 -10.6 -6.6
0.01249 -10.4 -6.6
0.0125 -10.4 -6.4
0.01251 -10.4 -6.6
0.01252 -10.4 -6.6
0.01253 -10.4 -6.6
0.01254 -10.2 -6.6
0.01255 -10.2 -6.4
0.01256 -10.2 -6.6
0.01257 -10 -6.6
0.01258 -10 -6.4
0.01259 -10 -6.6
0.0126 -10 -6.6
0.01261 -9.8 -6.6
0.01262 -9.8 -6.6
0.01263 -9.8 -6.6
0.01264 -10 -6.6
0.01265 -9.8 -6.6
0.01266 -9.8 -6.4
0.01267 -9.8 -6.6
0.01268 -9.8 -6.6
0.01269 -9.6 -6.6
0.0127 -9.6 -6.4
0.01271 -9.6 -6.6
0.01272 -9.6 -6.4
0.01273 -9.6 -6.4
0.01274 -9.4 -6.4
0.01275 -9.2 -6.6
0.01276 -9.4 -6.6
0.01277 -9.4 -6.4
0.01278 -9.2 -6.4
0.01279 -9.4 -6.4
0.0128 -9.2 -6.4
0.01281 -9.2 -6.4
0.01282 -9.2 -6.4
0.01283 -9 -6.4
0.01284 -9 -6.4
0.01285 -9 -6.4
0.01286 -9 -6.4
0.01287 -9 -6.4
0.01288 -9 -6.4
0.01289 -9 -6.4
0.0129 -8.8 -6.4
0.01291 -8.8 -6.4
0.01292 -8.8 -6.2
0.01293 -8.8 -6.2
0.01294 -8.8 -6.2
0.01295 -8.6 -6.2
0.01296 -8.8 -6
0.01297 -8.6 -6.2
0.01298 -8.6 -6.2
0.01299 -8.6 -6
0.013 -8.4 -6
0.01301 -8.4 -6
0.01302 -8.2 -6
0.01303 -8.4 -6
0.01304 -8.2 -6
0.01305 -8.2 -5.8
0.01306 -8.2 -5.8
0.01307 -8.2 -6
0.01308 -8 -6
0.01309 -8 -5.8
0.0131 -8 -5.8
0.01311 -8 -5.8
0.01312 -7.8 -5.8
0.01313 -8 -6
0.01314 -8 -5.8
0.01315 -7.8 -5.6
0.01316 -7.8 -5.8
0.01317 -7.8 -5.8
0.01318 -7.8 -5.8
0.01319 -7.6 -5.8
0.0132 -7.6 -5.6
0.01321 -7.4 -5.8
0.01322 -7.4 -5.6
0.01323 -7.4 -5.6
0.01324 -7.4 -5.6
0.01325 -7.4 -5.4
0.01326 -7.4 -5.6
0.01327 -7.4 -5.4
0.01328 -7.2 -5.4
0.01329 -7.2 -5.6
0.0133 -7.2 -5.4
0.01331 -7.2 -5.4
0.01332 -7.2 -5.4
0.01333 -7.2 -5.4
0.01334 -7 -5.4
0.01335 -7 -5.4
0.01336 -7 -5.4
0.01337 -7 -5.4
0.01338 -6.8 -5.2
0.01339 -6.8 -5.4
0.0134 -6.8 -5.2
0.01341 -6.8 -5.2
0.01342 -6.8 -5.2
0.01343 -6.6 -5.2
0.01344 -6.6 -5.2
0.01345 -6.6 -5.2
0.01346 -6.6 -5
0.01347 -6.6 -5
0.01348 -6.4 -5
0.01349 -6.4 -5
0.0135 -6.6 -5.2
0.01351 -6.4 -4.8
0.01352 -6.2 -5
0.01353 -6.2 -4.8
0.01354 -6.2 -5.2
0.01355 -6.2 -4.8
0.01356 -6.2 -4.8
0.01357 -6.2 -5
0.01358 -6.2 -4.8
0.01359 -6 -4.8
0.0136 -6 -4.8
0.01361 -5.8 -4.6
0.01362 -6 -4.8
0.01363 -6 -4.6
0.01364 -5.8 -4.8
0.01365 -5.8 -4.6
0.01366 -5.8 -4.6
0.01367 -5.8 -4.4
0.01368 -5.6 -4.4
0.01369 -5.6 -4.4
0.0137 -5.6 -4.4
0.01371 -5.6 -4.2
0.01372 -5.6 -4.2
0.01373 -5.6 -4.2
0.01374 -5.4 -4.2
0.01375 -5.4 -4.2
0.01376 -5.2 -4
0.01377 -5.2 -4
0.01378 -5.2 -4
0.01379 -5.2 -4
0.0138 -5.2 -3.8
0.01381 -5 -3.6
0.01382 -5 -3.8
0.01383 -4.8 -3.8
0.01384 -5 -3.4
0.01385 -5 -3.4
0.01386 -4.8 -3.4
0.01387 -4.8 -3.4
0.01388 -4.8 -3.4
0.01389 -4.8 -3.2
0.0139 -4.8 -3.2
0.01391 -4.6 -3.2
0.01392 -4.8 -3.2
0.01393 -4.8 -3.2
0.01394 -4.6 -3
0.01395 -4.6 -3.2
0.01396 -4.6 -3
0.01397 -4.4 -2.8
0.01398 -4.4 -2.8
0.01399 -4.2 -2.8
0.014 -4.2 -2.8
0.01401 -4.2 -2.8
0.01402 -4.2 -2.6
0.01403 -4 -2.6
0.01404 -4.2 -2.4
0.01405 -4 -2.4
0.01406 -4.2 -2.4
0.01407 -4 -2.2
0.01408 -4 -2.2
0.01409 -4 -2.2
0.0141 -3.8 -2.2
0.01411 -3.8 -2.2
0.01412 -3.8 -2
0.01413 -3.6 -2
0.01414 -3.6 -1.8
0.01415 -3.6 -2
0.01416 -3.4 -2
0.01417 -3.4 -1.8
0.01418 -3.4 -1.8
0.01419 -3.4 -1.8
0.0142 -3.4 -1.4
0.01421 -3.4 -1.6
0.01422 -3.2 -1.4
0.01423 -3.2 -1.4
0.01424 -3.2 -1.2
0.01425 -3.2 -1.2
0.01426 -3 -1.2
0.01427 -3 -1.2
0.01428 -3 -1
0.01429 -3 -1.2
0.0143 -2.8 -1
0.01431 -3 -1
0.01432 -2.8 -0.8
0.01433 -2.8 -0.8
0.01434 -2.8 -0.8
0.01435 -2.6 -0.6
0.01436 -2.6 -0.6
0.01437 -2.6 -0.6
0.01438 -2.6 -0.4
0.01439 -2.6 -0.6
0.0144 -2.4 -0.4
0.01441 -2.4 -0.4
0.01442 -2.4 -0.4
0.01443 -2.6 0
0.01444 -2.4 -0.4
0.01445 -2.4 0
0.01446 -2.4 0
0.01447 -2.4 0
0.01448 -2.2 0.2
0.01449 -2 0.2
0.0145 -2.2 0.4
0.01451 -2 0.4
0.01452 -2.2 0.2
0.01453 -2 0.4
0.01454 -2 0.6
0.01455 -2 0.6
0.01456 -2 0.8
0.01457 -1.8 0.6
0.01458 -1.8 0.8
0.01459 -1.8 0.8
0.0146 -1.8 1
0.01461 -1.8 1
0.01462 -1.4 1
0.01463 -1.6 1.2
0.01464 -1.4 1.2
0.01465 -1.4 1.4
0.01466 -1.4 1.4
0.01467 -1.2 1.4
0.01468 -1.2 1.6
0.01469 -1 1.6
0.0147 -1 1.8
0.01471 -1 1.8
0.01472 -1 1.8
0.01473 -1 2
0.01474 -1 2
0.01475 -0.8 2
0.01476 -1 2.4
0.01477 -1 2.2
0.01478 -0.8 2.4
0.01479 -0.8 2.4
0.0148 -0.6 2.4
0.01481 -0.8 2.6
0.01482 -0.6 2.8
0.01483 -0.6 2.6
0.01484 -0.4 2.8
0.01485 -0.4 2.8
0.01486 -0.4 2.8
0.01487 -0.4 2.8
0.01488 -0.4 3
0.01489 -0.4 3
0.0149 0 3.2
0.01491 0 3.2
0.01492 0 3.2
0.01493 0 3.2
0.01494 0.2 3.4
0.01495 0.2 3.4
0.01496 0 3.4
0.01497 0.2 3.6
0.01498 0.2 3.6
0.01499 0.4 3.6
0.015 0.4 3.8
0.01501 0.4 3.8
0.01502 0.4 3.8
0.01503 0.4 3.8
0.01504 0.6 4
0.01505 0.6 4
0.01506 0.6 4
0.01507 0.8 4.2
0.01508 0.6 4
0.01509 0.8 4.4
0.0151 0.8 4.4
0.01511 0.8 4.4
0.01512 1 4.4
0.01513 0.8 4.6
0.01514 0.8 4.6
0.01515 1 4.6
0.01516 1 4.8
0.01517 1.2 4.8
0.01518 1 4.8
0.01519 1.2 4.8
0.0152 1 5
0.01521 1.2 4.8
0.01522 1.4 5
0.01523 1.2 5.2
0.01524 1.4 5.2
0.01525 1.4 5.2
0.01526 1.6 5.2
0.01527 1.4 5.2
0.01528 1.6 5.4
0.01529 1.6 5.4
0.0153 1.6 5.4
0.01531 1.6 5.4
0.01532 1.8 5.6
0.01533 1.8 5.6
0.01534 1.8 5.6
0.01535 1.8 5.8
0.01536 1.6 5.6
0.01537 1.8 5.8
0.01538 2 6
0.01539 2 6
0.0154 2.2 6
0.01541 2 6
0.01542 2.2 6
0.01543 2.4 6.2
0.01544 2.2 6.2
0.01545 2.4 6.2
0.01546 2.2 6.2
0.01547 2.4 6.4
0.01548 2.4 6.4
0.01549 2.4 6.4
0.0155 2.6 6.4
0.01551 2.6 6.6
0.01552 2.6 6.6
0.01553 2.6 6.6
0.01554 2.6 6.8
0.01555 2.8 7
0.01556 2.8 6.8
0.01557 2.8 7
0.01558 2.8 7
0.01559 3 7
0.0156 3 7.2
0.01561 3 7.2
0.01562 3 7.2
0.01563 3 7.2
0.01564 3.2 7.2
0.01565 3.2 7.4
0.01566 3.2 7.4
0.01567 3.2 7.4
0.01568 3.4 7.6
0.01569 3.4 7.6
0.0157 3.4 7.6
0.01571 3.4 7.6
0.01572 3.4 7.6
0.01573 3.6 7.8
0.01574 3.6 7.8
0.01575 3.6 7.8
0.01576 3.6 7.8
0.01577 3.6 8
0.01578 3.8 8
0.01579 3.8 8
0.0158 3.8 8.2
0.01581 3.8 8.2
0.01582 4 8.4
0.01583 4 8.2
0.01584 4 8.4
0.01585 4 8.4
0.01586 4 8.4
0.01587 4 8.4
0.01588 4 8.2
0.01589 4 8.4
0.0159 4.2 8.6
0.01591 4 8.4
0.01592 4.2 8.4
0.01593 4.2 8.6
0.01594 4.4 8.6
0.01595 4.4 8.4
0.01596 4.4 8.4
0.01597 4.4 8.6
0.01598 4.4 8.4
0.01599 4.4 8.4
0.016 4.6 8.6
0.01601 4.6 8.6
0.01602 4.6 8.6
0.01603 4.8 8.6
0.01604 4.6 8.6
0.01605 4.8 8.8
0.01606 4.8 8.6
0.01607 4.8 8.8
0.01608 4.8 8.6
0.01609 4.8 8.8
0.0161 4.8 8.8
0.01611 4.8 8.6
0.01612 5 8.8
0.01613 5 8.8
0.01614 5.2 8.6
0.01615 5 8.8
0.01616 5 8.8
0.01617 5.4 8.8
0.01618 5.2 8.8
0.01619 5.4 8.8
0.0162 5.2 8.8
0.01621 5.4 9
0.01622 5.4 8.8
0.01623 5.6 9
0.01624 5.6 9
0.01625 5.6 9
0.01626 5.6 9
0.01627 5.4 9.2
0.01628 5.6 9
0.01629 5.6 9.2
0.0163 5.8 9.2
0.01631 5.6 9.2
0.01632 5.8 9
0.01633 5.8 9.2
0.01634 5.8 9.2
0.01635 6 9.2
0.01636 5.8 9.2
0.01637 6 9
0.01638 6 9.2
0.01639 6 9.2
0.0164 6.2 9.2
0.01641 6 9.2
0.01642 6.2 9.2
0.01643 6.2 9.4
0.01644 6.4 9.4
0.01645 6.2 9.2
0.01646 6.4 9.4
0.01647 6.4 9.4
0.01648 6.4 9.4
0.01649 6.4 9.4
0.0165 6.4 9.4
0.01651 6.4 9.6
0.01652 6.4 9.4
0.01653 6.6 9.6
0.01654 6.6 9.4
0.01655 6.6 9.4
0.01656 6.6 9.6
0.01657 6.6 9.4
0.01658 6.6 9.6
0.01659 6.6 9.6
0.0166 6.8 9.4
0.01661 7 9.6
0.01662 6.8 9.6
0.01663 6.8 9.6
0.01664 7 9.6
0.01665 7 9.6
0.01666 6.8 9.6
0.01667 7 9.6
0.01668 7.2 9.6
0.01669 7.2 9.8
0.0167 7.2 9.6
0.01671 7.2 9.8
0.01672 7.2 9.6
0.01673 7.2 9.6
0.01674 7.2 9.8
0.01675 7.2 9.8
0.01676 7.2 9.8
0.01677 7.2 9.8
0.01678 7.4 9.8
0.01679 7.6 9.8
0.0168 7.4 9.6
0.01681 7.6 9.8
0.01682 7.6 9.6
0.01683 7.8 9.6
0.01684 7.6 9.8
0.01685 7.6 9.6
0.01686 7.6 9.8
0.01687 7.8 9.8
0.01688 7.8 9.8
0.01689 8 9.8
0.0169 8 9.6
0.01691 7.8 9.6
0.01692 8 10
0.01693 8 9.8
0.01694 8 9.8
0.01695 8 9.8
0.01696 8.2 9.6
0.01697 8.2 9.8
0.01698 8.2 9.8
0.01699 8.2 9.8
0.017 8.2 9.8
0.01701 8.2 9.6
0.01702 8.2 9.8
0.01703 8.2 9.6
0.01704 8.4 9.6
0.01705 8.4 9.8
0.01706 8.4 9.6
0.01707 8.4 9.8
0.01708 8.4 9.8
0.01709 8.4 9.8
0.0171 8.4 9.8
0.01711 8.6 9.6
0.01712 8.8 9.6
0.01713 8.8 9.8
0.01714 8.8 9.8
0.01715 8.8 10
0.01716 8.8 9.8
0.01717 8.8 9.8
0.01718 8.8 9.8
0.01719 8.8 9.8
0.0172 9 9.8
0.01721 9 9.8
0.01722 9 9.8
0.01723 9 9.8
0.01724 9.2 9.6
0.01725 9 9.8
0.01726 9.2 9.6
0.01727 9 9.6
0.01728 9.2 9.8
0.01729 9.2 9.6
0.0173 9.2 9.6
0.01731 9.4 9.6
0.01732 9.2 9.6
0.01733 9.2 9.8
0.01734 9.2 9.6
0.01735 9.2 9.8
0.01736 9.2 9.8
0.01737 9.2 9.6
0.01738 9 9.8
0.01739 9 9.8
0.0174 9 9.8
0.01741 9 9.6
0.01742 9 9.6
0.01743 8.8 9.6
0.01744 8.8 9.6
0.01745 8.8 9.6
0.01746 8.8 9.8
0.01747 8.8 9.6
0.01748 8.8 9.8
0.01749 8.8 9.6
0.0175 8.6 9.6
0.01751 8.6 9.8
0.01752 8.4 9.6
0.01753 8.4 9.6
0.01754 8.4 9.8
0.01755 8.4 9.8
0.01756 8.4 9.8
0.01757 8.2 9.6
0.01758 8.4 9.8
0.01759 8.4 9.8
0.0176 8.2 9.6
0.01761 8 9.8
0.01762 8 9.6
0.01763 8 9.8
0.01764 8.2 9.6
0.01765 8 9.6
0.01766 8 9.6
0.01767 8 9.6
0.01768 8 9.6
0.01769 7.8 9.6
0.0177 7.8 9.6
0.01771 7.8 9.6
0.01772 7.8 9.6
0.01773 7.8 9.6
0.01774 7.6 9.8
0.01775 7.6 9.6
0.01776 7.8 9.6
0.01777 7.6 9.6
0.01778 7.4 9.6
0.01779 7.6 9.6
0.0178 7.4 9.6
0.01781 7.4 9.6
0.01782 7.4 9.6
0.01783 7.2 9.6
0.01784 7.2 9.6
0.01785 7.2 9.6
0.01786 7.2 9.6
0.01787 7.2 9.6
0.01788 7.2 9.6
0.01789 7 9.6
0.0179 7.2 9.6
0.01791 7 9.6
0.01792 7.2 9.6
0.01793 7 9.6
0.01794 7 9.4
0.01795 6.8 9.6
0.01796 6.8 9.4
0.01797 6.8 9.6
0.01798 6.8 9.4
0.01799 6.8 9.4
0.018 6.6 9.4
0.01801 6.8 9.4
0.01802 6.6 9.4
0.01803 6.6 9.4
0.01804 6.6 9.4
0.01805 6.4 9.4
0.01806 6.4 9.4
0.01807 6.4 9.2
0.01808 6.4 9.2
0.01809 6.4 9.2
0.0181 6.2 9.2
0.01811 6.2 9.2
0.01812 6.4 9.2
0.01813 6 9.2
0.01814 6 9.2
0.01815 6.2 9.2
0.01816 6.2 9.2
0.01817 6 9
0.01818 6 9
0.01819 6 9.2
0.0182 6 9.2
0.01821 6 9
0.01822 6 9
0.01823 5.8 9
0.01824 5.8 9
0.01825 5.6 9
0.01826 5.8 9
0.01827 5.6 9
0.01828 5.6 9.2
0.01829 5.6 8.8
0.0183 5.4 8.8
0.01831 5.6 8.8
0.01832 5.6 8.8
0.01833 5.6 8.8
0.01834 5.6 8.8
0.01835 5.4 8.8
0.01836 5.2 8.8
0.01837 5.2 8.6
0.01838 5.2 8.6
0.01839 5.2 8.6
0.0184 5.2 8.6
0.01841 5 8.8
0.01842 5 8.8
0.01843 4.8 8.6
0.01844 5 8.6
0.01845 4.8 8.6
0.01846 4.8 8.6
0.01847 4.8 8.4
0.01848 4.8 8.6
0.01849 4.8 8.6
0.0185 4.8 8.6
0.01851 4.6 8.4
0.01852 4.6 8.6
0.01853 4.6 8.4
0.01854 4.4 8.4
0.01855 4.2 8.4
0.01856 4.4 8.4
0.01857 4.4 8.4
0.01858 4.4 8.4
0.01859 4.2 8.4
0.0186 4.2 8.2
0.01861 4.4 8.4
0.01862 4.2 8.2
0.01863 4.2 8.2
0.01864 4 8.2
0.01865 4 8
0.01866 4.2 8.2
0.01867 4 8.2
0.01868 4 8.2
0.01869 4 8.2
0.0187 4 8
0.01871 3.8 8
0.01872 3.8 8
0.01873 3.8 8
0.01874 3.8 8
0.01875 3.6 8
0.01876 3.6 8
0.01877 3.6 8
0.01878 3.4 7.8
0.01879 3.4 8
0.0188 3.4 7.8
0.01881 3.6 7.8
0.01882 3.4 7.8
0.01883 3.4 7.6
0.01884 3.2 7.6
0.01885 3.4 7.8
0.01886 3.2 7.6
0.01887 3.2 7.6
0.01888 3 7.4
0.01889 3.2 7.4
0.0189 3 7.4
0.01891 3 7.2
0.01892 3 7.2
0.01893 3 7.2
0.01894 2.8 7
0.01895 2.8 7
0.01896 2.8 6.8
0.01897 2.6 6.8
0.01898 2.6 6.8
0.01899 2.6 6.6
0.019 2.4 6.8
0.01901 2.4 6.8
0.01902 2.6 6.6
0.01903 2.4 6.6
0.01904 2.4 6.4
0.01905 2.4 6.4
0.01906 2.4 6.4
0.01907 2.4 6.4
0.01908 2.2 6.4
0.01909 2 6.2
0.0191 2.2 6.2
0.01911 2 6.2
0.01912 2.2 6
0.01913 2 6
0.01914 1.8 6
0.01915 1.8 6
0.01916 2 5.8
0.01917 1.6 5.8
0.01918 1.8 5.6
0.01919 1.6 5.6
0.0192 1.6 5.6
0.01921 1.6 5.6
0.01922 1.6 5.4
0.01923 1.6 5.4
0.01924 1.4 5.4
0.01925 1.4 5.4
0.01926 1.4 5.2
0.01927 1.4 5.2
0.01928 1.2 5.2
0.01929 1.2 5.2
0.0193 1.2 5
0.01931 1.2 5.2
0.01932 1 5
0.01933 1.2 5
0.01934 1 4.8
0.01935 0.8 4.8
0.01936 1 4.8
0.01937 1 4.6
0.01938 0.8 4.6
0.01939 1 4.6
0.0194 0.8 4.4
0.01941 0.8 4.4
0.01942 0.8 4.4
0.01943 0.6 4.4
0.01944 0.6 4.2
0.01945 0.6 4
0.01946 0.6 4
0.01947 0.6 4
0.01948 0.4 3.8
0.01949 0.4 4
0.0195 0.4 4
0.01951 0.4 3.8
0.01952 0.2 3.8
0.01953 0.4 3.6
0.01954 0.2 3.6
0.01955 0.2 3.6
0.01956 0 3.6
0.01957 0 3.2
0.01958 0 3.4
0.01959 0 3.4
0.0196 0 3.2
0.01961 0 3.2
0.01962 -0.4 3.2
0.01963 -0.4 3
0.01964 -0.4 3
0.01965 -0.4 2.8
0.01966 -0.6 3
0.01967 -0.6 3
0.01968 -0.6 2.8
0.01969 -0.8 2.8
0.0197 -0.8 2.8
0.01971 -0.8 2.6
0.01972 -0.8 2.6
0.01973 -0.8 2.6
0.01974 -1 2.4
0.01975 -1 2.4
0.01976 -1 2.4
0.01977 -1 2.4
0.01978 -1 2.4
0.01979 -1 2.2
0.0198 -1.2 2.2
0.01981 -1.2 1.8
0.01982 -1.2 2
0.01983 -1.2 1.8
0.01984 -1.4 1.6
0.01985 -1.4 1.6
0.01986 -1.4 1.6
0.01987 -1.6 1.4
0.01988 -1.6 1.4
0.01989 -1.6 1.4
0.0199 -1.6 1.4
0.01991 -1.6 1.2
0.01992 -1.8 1.2
0.01993 -1.8 1
0.01994 -1.8 1
0.01995 -1.8 1
0.01996 -1.8 0.8
0.01997 -2 0.8
0.01998 -2 0.6
0.01999 -2 0.6
0.02 -2.2 0.6
0.02001 -2 0.6
0.02002 -2.2 0.4
0.02003 -2.2 0.2
0.02004 -2.4 0.2
0.02005 -2.4 0.2
0.02006 -2.4 0
0.02007 -2.4 0
0.02008 -2.4 0
0.02009 -2.6 -0.4
0.0201 -2.6 -0.4
0.02011 -2.6 -0.4
0.02012 -2.6 -0.4
0.02013 -2.6 -0.4
0.02014 -2.6 -0.6
0.02015 -2.6 -0.6
0.02016 -2.8 -0.6
0.02017 -2.6 -0.6
0.02018 -2.8 -0.6
0.02019 -3 -0.8
0.0202 -3 -1
0.02021 -2.8 -0.8
0.02022 -3 -1
0.02023 -3.2 -1
0.02024 -3.2 -1
0.02025 -3.2 -1
0.02026 -3.2 -1.4
0.02027 -3.2 -1.2
0.02028 -3.4 -1.2
0.02029 -3.2 -1.4
0.0203 -3.4 -1.6
0.02031 -3.4 -1.6
0.02032 -3.4 -1.8
0.02033 -3.6 -1.6
0.02034 -3.6 -1.6
0.02035 -3.8 -1.8
0.02036 -3.8 -1.8
0.02037 -3.6 -1.8
0.02038 -3.8 -2
0.02039 -3.6 -2
0.0204 -3.8 -2.2
0.02041 -4 -2
0.02042 -4 -2
0.02043 -4 -2.2
0.02044 -4 -2.2
0.02045 -4.2 -2.4
0.02046 -4.2 -2.2
0.02047 -4 -2.4
0.02048 -4.2 -2.4
0.02049 -4.2 -2.6
0.0205 -4.2 -2.6
0.02051 -4.2 -2.6
0.02052 -4.2 -2.6
0.02053 -4.2 -2.6
0.02054 -4.4 -2.8
0.02055 -4.4 -3
0.02056 -4.6 -3
0.02057 -4.6 -3
0.02058 -4.6 -3
0.02059 -4.6 -3
0.0206 -4.6 -3.2
0.02061 -4.8 -3.2
0.02062 -4.8 -3.2
0.02063 -4.8 -3.4
0.02064 -4.8 -3.4
0.02065 -4.8 -3.4
0.02066 -5 -3.4
0.02067 -5 -3.4
0.02068 -5 -3.4
0.02069 -5 -3.6
0.0207 -5 -3.6
0.02071 -5.2 -3.6
0.02072 -5.2 -3.8
0.02073 -5.4 -3.8
0.02074 -5.4 -3.8
0.02075 -5.2 -4
0.02076 -5.4 -4
0.02077 -5.4 -4
0.02078 -5.4 -4
0.02079 -5.6 -4.2
0.0208 -5.6 -4.2
0.02081 -5.6 -4.4
0.02082 -5.6 -4.2
0.02083 -5.8 -4.2
0.02084 -5.8 -4.4
0.02085 -5.8 -4.6
0.02086 -5.8 -4.6
0.02087 -5.8 -4.6
0.02088 -5.8 -4.6
0.02089 -6 -4.6
0.0209 -5.8 -4.6
0.02091 -6 -4.8
0.02092 -6.2 -4.8
0.02093 -6.2 -4.8
0.02094 -6.2 -5
0.02095 -6.2 -5.2
0.02096 -6.2 -5
0.02097 -6.2 -5.2
0.02098 -6.2 -5.2
0.02099 -6.4 -5.4
0.021 -6.4 -5.2
0.02101 -6.4 -5.2
0.02102 -6.4 -5.2
0.02103 -6.4 -5.2
0.02104 -6.6 -5.2
0.02105 -6.6 -5.2
0.02106 -6.6 -5.2
0.02107 -6.6 -5.4
0.02108 -6.8 -5.4
0.02109 -6.8 -5.4
0.0211 -6.6 -5.4
0.02111 -6.8 -5.4
0.02112 -6.8 -5.4
0.02113 -6.8 -5.4
0.02114 -7 -5.6
0.02115 -7 -5.6
0.02116 -7 -5.6
0.02117 -7.2 -5.6
0.02118 -7 -5.6
0.02119 -7 -5.6
0.0212 -7 -5.6
0.02121 -7.2 -5.6
0.02122 -7.2 -5.8
0.02123 -7.4 -5.6
0.02124 -7.4 -5.8
0.02125 -7.4 -5.8
0.02126 -7.4 -5.8
0.02127 -7.4 -5.8
0.02128 -7.4 -5.8
0.02129 -7.4 -5.8
0.0213 -7.6 -5.8
0.02131 -7.6 -5.8
0.02132 -7.8 -5.8
0.02133 -7.8 -5.8
0.02134 -7.6 -5.8
0.02135 -7.8 -6
0.02136 -7.8 -5.8
0.02137 -7.8 -5.8
0.02138 -8 -6
0.02139 -7.8 -6
0.0214 -8 -6
0.02141 -8 -6
0.02142 -8 -6
0.02143 -8 -6.2
0.02144 -8.2 -6
0.02145 -8.2 -6.2
0.02146 -8.2 -6.2
0.02147 -8.2 -6
0.02148 -8.2 -6.2
0.02149 -8.4 -6.2
0.0215 -8.2 -6.2
0.02151 -8.4 -6.2
0.02152 -8.4 -6
0.02153 -8.6 -6.2
0.02154 -8.6 -6
0.02155 -8.6 -6.2
0.02156 -8.4 -6.2
0.02157 -8.6 -6.2
0.02158 -8.6 -6.2
0.02159 -8.8 -6.4
0.0216 -8.8 -6.4
0.02161 -8.6 -6.4
0.02162 -8.8 -6.4
0.02163 -8.8 -6.4
0.02164 -8.8 -6.4
0.02165 -9 -6.4
0.02166 -9 -6.6
0.02167 -9 -6.4
0.02168 -9 -6.6
0.02169 -9.2 -6.6
0.0217 -9.2 -6.6
0.02171 -9 -6.6
0.02172 -9.2 -6.6
0.02173 -9.2 -6.6
0.02174 -9.4 -6.6
0.02175 -9.2 -6.4
0.02176 -9.4 -6.6
0.02177 -9.4 -6.6
0.02178 -9.4 -6.6
0.02179 -9.4 -6.6
0.0218 -9.4 -6.6
0.02181 -9.4 -6.6
0.02182 -9.4 -6.6
0.02183 -9.6 -6.6
0.02184 -9.6 -6.8
0.02185 -9.6 -6.6
0.02186 -9.8 -6.6
0.02187 -9.6 -6.6
0.02188 -9.8 -6.8
0.02189 -9.8 -6.6
0.0219 -9.8 -6.6
0.02191 -10 -6.6
0.02192 -9.8 -6.6
0.02193 -10 -6.6
0.02194 -10 -6.6
0.02195 -10 -6.6
0.02196 -10 -6.6
0.02197 -9.8 -6.6
0.02198 -10.2 -6.6
0.02199 -10 -6.6
0.022 -10.2 -6.6
0.02201 -10.4 -6.6
0.02202 -10.2 -6.6
0.02203 -10.4 -6.6
0.02204 -10.4 -6.8
0.02205 -10.4 -6.6
0.02206 -10.4 -6.6
0.02207 -10.4 -6.6
0.02208 -10.6 -6.8
0.02209 -10.6 -6.8
0.0221 -10.4 -6.6
0.02211 -10.6 -6.8
0.02212 -10.6 -6.6
0.02213 -10.6 -6.8
0.02214 -10.8 -6.6
0.02215 -10.6 -6.6
0.02216 -10.8 -6.6
0.02217 -11 -6.6
0.02218 -11 -6.6
0.02219 -10.8 -6.6
0.0222 -10.8 -6.6
0.02221 -11 -6.6
0.02222 -11 -6.6
0.02223 -11 -6.6
0.02224 -11.2 -6.6
0.02225 -11.2 -6.8
0.02226 -11.2 -6.6
0.02227 -11.2 -6.6
0.02228 -11.4 -6.6
0.02229 -11.2 -6.6
0.0223 -11.2 -6.8
0.02231 -11.4 -6.8
0.02232 -11.4 -6.6
0.02233 -11.4 -6.8
0.02234 -11.4 -6.6
0.02235 -11.4 -6.8
0.02236 -11.4 -6.6
0.02237 -11.6 -6.6
0.02238 -11.6 -6.8
0.02239 -11.8 -6.6
0.0224 -11.6 -6.8
0.02241 -11.8 -6.6
0.02242 -11.8 -6.6
0.02243 -11.8 -6.6
0.02244 -11.8 -6.6
0.02245 -11.8 -6.6
0.02246 -11.8 -6.6
0.02247 -11.8 -6.6
0.02248 -11.8 -6.8
0.02249 -12 -6.6
0.0225 -12 -6.8
0.02251 -12 -6.6
0.02252 -12 -6.6
0.02253 -12 -6.6
0.02254 -12 -6.6
0.02255 -12 -6.6
0.02256 -12 -6.8
0.02257 -11.8 -6.6
0.02258 -11.8 -6.6
0.02259 -11.8 -6.6
0.0226 -11.8 -6.6
0.02261 -11.8 -6.6
0.02262 -11.6 -6.6
0.02263 -11.6 -6.6
0.02264 -11.6 -6.6
0.02265 -11.8 -6.6
0.02266 -11.4 -6.6
0.02267 -11.4 -6.6
0.02268 -11.6 -6.6
0.02269 -11.4 -6.6
0.0227 -11.4 -6.6
0.02271 -11.4 -6.8
0.02272 -11.4 -6.6
0.02273 -11.2 -6.6
0.02274 -11.4 -6.6
0.02275 -11.2 -6.6
0.02276 -11.2 -6.6
0.02277 -11.2 -6.6
0.02278 -11.2 -6.6
0.02279 -11 -6.6
0.0228 -11.2 -6.6
0.02281 -11 -6.6
0.02282 -11 -6.6
0.02283 -11 -6.4
0.02284 -11 -6.6
0.02285 -10.8 -6.6
0.02286 -10.8 -6.6
0.02287 -10.6 -6.4
0.02288 -10.6 -6.6
0.02289 -10.6 -6.6
0.0229 -10.6 -6.6
0.02291 -10.6 -6.6
0.02292 -10.6 -6.6
0.02293 -10.4 -6.6
0.02294 -10.4 -6.6
0.02295 -10.4 -6.6
0.02296 -10.4 -6.6
0.02297 -10.4 -6.6
0.02298 -10.4 -6.4
0.02299 -10.4 -6.6
0.023 -10.4 -6.6
0.02301 -10.2 -6.6
0.02302 -10.2 -6.6
0.02303 -10 -6.4
0.02304 -10 -6.4
0.02305 -10 -6.6
0.02306 -10 -6.6
0.02307 -10 -6.6
0.02308 -9.8 -6.4
0.02309 -9.8 -6.6
0.0231 -10 -6.4
0.02311 -9.8 -6.6
0.02312 -9.8 -6.6
0.02313 -9.6 -6.6
0.02314 -9.6 -6.4
0.02315 -9.6 -6.4
0.02316 -9.6 -6.4
0.02317 -9.6 -6.6
0.02318 -9.6 -6.6
0.02319 -9.6 -6.6
0.0232 -9.4 -6.6
0.02321 -9.4 -6.4
0.02322 -9.4 -6.6
0.02323 -9.4 -6.6
0.02324 -9.4 -6.4
0.02325 -9.2 -6.6
0.02326 -9.4 -6.4
0.02327 -9.2 -6.4
0.02328 -9.2 -6.4
0.02329 -9 -6.4
0.0233 -9 -6.6
0.02331 -9 -6.4
0.02332 -9 -6.4
0.02333 -9 -6.4
0.02334 -8.8 -6.2
0.02335 -9 -6.4
0.02336 -8.8 -6.2
0.02337 -8.8 -6.2
0.02338 -8.6 -6.4
0.02339 -8.6 -6.2
0.0234 -8.6 -6.2
0.02341 -8.6 -6.2
0.02342 -8.6 -6.2
0.02343 -8.8 -6
0.02344 -8.4 -6
0.02345 -8.6 -6
0.02346 -8.6 -6.2
0.02347 -8.2 -6
0.02348 -8.4 -6
0.02349 -8.4 -6
0.0235 -8.2 -6
0.02351 -8.2 -6
0.02352 -8.2 -5.8
0.02353 -8.2 -6
0.02354 -8.2 -5.8
0.02355 -8.2 -6
0.02356 -8 -5.8
0.02357 -8 -6
0.02358 -8 -5.8
0.02359 -8 -5.8
0.0236 -7.8 -5.8
0.02361 -7.8 -5.8
0.02362 -7.8 -5.8
0.02363 -7.8 -5.8
0.02364 -7.6 -5.8
0.02365 -7.6 -5.8
0.02366 -7.6 -5.6
0.02367 -7.6 -5.6
0.02368 -7.6 -5.6
0.02369 -7.4 -5.6
0.0237 -7.4 -5.6
0.02371 -7.4 -5.6
0.02372 -7.4 -5.6
0.02373 -7.4 -5.4
0.02374 -7.4 -5.4
0.02375 -7.4 -5.4
0.02376 -7.4 -5.4
0.02377 -7.2 -5.4
0.02378 -7.2 -5.4
0.02379 -7 -5.4
0.0238 -7 -5.4
0.02381 -7.2 -5.4
0.02382 -7.2 -5.4
0.02383 -7 -5.4
0.02384 -7 -5.4
0.02385 -6.8 -5.4
0.02386 -6.8 -5.2
0.02387 -6.8 -5.4
0.02388 -6.6 -5.2
0.02389 -6.6 -5.2
0.0239 -6.8 -5
0.02391 -6.6 -5.2
0.02392 -6.6 -5.2
0.02393 -6.6 -5
0.02394 -6.4 -5
0.02395 -6.4 -5
0.02396 -6.4 -5
0.02397 -6.4 -5
0.02398 -6.4 -4.8
0.02399 -6.2 -4.8
0.024 -6.2 -5
0.02401 -6.2 -5
0.02402 -6.2 -5
0.02403 -6 -4.8
0.02404 -6.2 -5
0.02405 -6 -5
0.02406 -6.2 -4.6
0.02407 -6 -5
0.02408 -6 -4.8
0.02409 -5.8 -4.8
0.0241 -5.8 -4.8
0.02411 -5.8 -4.6
0.02412 -5.8 -4.6
0.02413 -5.8 -4.4
0.02414 -5.8 -4.4
0.02415 -5.6 -4.6
0.02416 -5.6 -4.4
0.02417 -5.6 -4.2
0.02418 -5.6 -4.2
0.02419 -5.4 -4.2
0.0242 -5.4 -4.2
0.02421 -5.4 -4
0.02422 -5.2 -4
0.02423 -5.4 -4
0.02424 -5.2 -4
0.02425 -5 -3.8
0.02426 -5 -3.8
0.02427 -5 -3.8
0.02428 -5 -3.6
0.02429 -5 -3.6
0.0243 -5 -3.6
0.02431 -5 -3.6
0.02432 -4.8 -3.4
0.02433 -5 -3.4
0.02434 -4.8 -3.2
0.02435 -4.6 -3.4
0.02436 -4.8 -3.4
0.02437 -4.6 -3.2
0.02438 -4.6 -3
0.02439 -4.6 -3
0.0244 -4.6 -3
0.02441 -4.6 -3
0.02442 -4.6 -3
0.02443 -4.2 -2.8
0.02444 -4.2 -2.6
0.02445 -4.2 -2.8
0.02446 -4.2 -2.8
0.02447 -4.2 -2.6
0.02448 -4 -2.6
0.02449 -4.2 -2.4
0.0245 -4 -2.6
0.02451 -4 -2.4
0.02452 -4 -2.4
0.02453 -3.8 -2.4
0.02454 -4 -2.2
0.02455 -3.8 -2.2
0.02456 -3.8 -2
0.02457 -3.6 -2
0.02458 -3.6 -2
0.02459 -3.6 -2
0.0246 -3.6 -2
0.02461 -3.6 -2
0.02462 -3.4 -1.8
0.02463 -3.4 -1.8
0.02464 -3.4 -1.6
0.02465 -3.2 -1.6
0.02466 -3.4 -1.6
0.02467 -3.4 -1.4
0.02468 -3.4 -1.4
0.02469 -3.2 -1.4
0.0247 -3.2 -1.4
0.02471 -3.2 -1.2
0.02472 -3.2 -1.2
0.02473 -3.2 -1.2
0.02474 -3 -1.2
0.02475 -3 -1
0.02476 -3 -1
0.02477 -2.8 -1
0.02478 -3 -0.8
0.02479 -2.6 -0.8
0.0248 -2.8 -0.8
0.02481 -2.6 -0.8
0.02482 -2.6 -0.6
0.02483 -2.6 -0.6
0.02484 -2.6 -0.4
0.02485 -2.6 -0.6
0.02486 -2.6 -0.4
0.02487 -2.6 -0.4
0.02488 -2.6 0
0.02489 -2.4 -0.4
0.0249 -2.4 0
0.02491 -2.4 0
0.02492 -2.2 0
0.02493 -2.2 0
0.02494 -2.2 0
0.02495 -2 0.2
0.02496 -2.2 0.2
0.02497 -2 0.2
0.02498 -1.8 0.4
0.02499 -2 0.4
0.025 -2 0.4
0.02501 -1.8 0.6
0.02502 -1.8 0.6
0.02503 -1.8 0.8
0.02504 -1.8 0.8
0.02505 -1.8 0.8
0.02506 -1.6 1
0.02507 -1.6 1
0.02508 -1.6 1.2
0.02509 -1.6 1.2
0.0251 -1.6 1.4
0.02511 -1.4 1.2
0.02512 -1.4 1.2
0.02513 -1.4 1.6
0.02514 -1.4 1.4
0.02515 -1.2 1.6
0.02516 -1.2 1.6
0.02517 -1 1.8
0.02518 -1 1.8
0.02519 -1 2
0.0252 -1 1.8
0.02521 -1 2
0.02522 -0.8 2.2
0.02523 -0.8 2.2
0.02524 -0.8 2.4
0.02525 -0.8 2.4
0.02526 -0.8 2.4
0.02527 -0.6 2.6
0.02528 -0.6 2.6
0.02529 -0.6 2.8
0.0253 -0.6 2.8
0.02531 -0.6 2.8
0.02532 -0.4 3
0.02533 -0.4 3
0.02534 0 3
0.02535 -0.4 3
0.02536 0 3
0.02537 0 3.2
0.02538 0.2 3.2
0.02539 0 3.4
0.0254 0 3.4
0.02541 0.2 3.4
0.02542 0.2 3.6
0.02543 0.2 3.4
0.02544 0.4 3.6
0.02545 0.2 3.6
0.02546 0.4 3.6
0.02547 0.4 3.8
0.02548 0.4 3.8
0.02549 0.6 4
0.0255 0.4 4
0.02551 0.8 4
0.02552 0.6 4
0.02553 0.8 4.2
0.02554 0.8 4.2
0.02555 0.8 4.4
0.02556 0.8 4.2
0.02557 0.8 4.4
0.02558 0.8 4.4
0.02559 1 4.4
0.0256 1 4.6
0.02561 1 4.4
0.02562 1 4.6
0.02563 1.2 4.6
0.02564 1.2 4.6
0.02565 1.2 4.8
0.02566 1.2 4.8
0.02567 1.2 4.8
0.02568 1.4 5
0.02569 1.4 4.8
0.0257 1.4 5.2
0.02571 1.4 5.2
0.02572 1.4 5.2
0.02573 1.6 5.2
0.02574 1.6 5.2
0.02575 1.6 5.4
0.02576 1.6 5.4
0.02577 1.8 5.6
0.02578 1.8 5.4
0.02579 1.6 5.6
0.0258 1.8 5.6
0.02581 2 5.6
0.02582 1.8 5.8
0.02583 2 5.8
0.02584 2 5.8
0.02585 2 6
0.02586 2 6
0.02587 2 6
0.02588 2.2 6.2
0.02589 2.4 6
0.0259 2.2 6.2
0.02591 2.4 6.2
0.02592 2.6 6.2
0.02593 2.4 6.4
0.02594 2.2 6.4
0.02595 2.6 6.4
0.02596 2.6 6.4
0.02597 2.8 6.6
0.02598 2.6 6.6
0.02599 2.6 6.6
0.026 2.8 6.8
0.02601 2.8 6.8
0.02602 2.6 6.6
0.02603 2.8 6.8
0.02604 3 7
0.02605 3 7
0.02606 3 7.2
0.02607 3 7
0.02608 3.2 7.2
0.02609 3.2 7.2
0.0261 3.2 7.2
0.02611 3.2 7.4
0.02612 3.2 7.4
0.02613 3.4 7.4
0.02614 3.2 7.6
0.02615 3.2 7.6
0.02616 3.4 7.6
0.02617 3.4 7.6
0.02618 3.4 7.6
0.02619 3.6 7.8
0.0262 3.6 7.8
0.02621 3.6 7.8
0.02622 3.6 8
0.02623 3.6 7.8
0.02624 3.6 8.2
0.02625 3.8 8
0.02626 3.8 8.2
0.02627 4 8.2
0.02628 4 8.2
0.02629 4 8.4
0.0263 4 8.2
0.02631 4 8.2
0.02632 4 8.2
0.02633 4 8.4
0.02634 4 8.6
0.02635 4.2 8.4
0.02636 4 8.4
0.02637 4.4 8.6
0.02638 4.2 8.4
0.02639 4.4 8.6
0.0264 4.4 8.4
0.02641 4.4 8.6
0.02642 4.4 8.4
0.02643 4.4 8.4
0.02644 4.4 8.4
0.02645 4.4 8.6
0.02646 4.6 8.6
0.02647 4.6 8.6
0.02648 4.8 8.6
0.02649 4.8 8.6
0.0265 4.8 8.6
0.02651 4.8 8.6
0.02652 4.8 8.8
0.02653 4.8 8.6
0.02654 4.8 8.6
0.02655 5 8.8
0.02656 5 8.8
0.02657 5 8.8
0.02658 5 8.8
0.02659 5 8.8
0.0266 5.2 8.8
0.02661 5.2 8.8
0.02662 5.2 9
0.02663 5.2 8.8
0.02664 5.4 8.8
0.02665 5.4 8.8
0.02666 5.4 8.8
0.02667 5.6 9
0.02668 5.4 8.8
0.02669 5.6 8.8
0.0267 5.6 9
0.02671 5.6 9
0.02672 5.6 9
0.02673 5.6 9.2
0.02674 5.6 9.2
0.02675 5.6 9.2
0.02676 5.8 9.2
0.02677 5.8 9.2
0.02678 5.8 9.2
0.02679 5.8 9.2
0.0268 6 9.2
0.02681 6 9.2
0.02682 5.8 9.2
0.02683 6 9.2
0.02684 6.2 9.2
0.02685 6 9.2
0.02686 6.2 9.2
0.02687 6 9.2
0.02688 6 9.4
0.02689 6.2 9.4
0.0269 6.2 9.2
0.02691 6.4 9.4
0.02692 6.4 9.2
0.02693 6.4 9.2
0.02694 6.4 9.4
0.02695 6.4 9.4
0.02696 6.4 9.4
0.02697 6.4 9.4
0.02698 6.6 9.6
0.02699 6.6 9.4
0.027 6.6 9.6
0.02701 6.8 9.4
0.02702 6.6 9.4
0.02703 6.8 9.4
0.02704 6.8 9.6
0.02705 6.8 9.4
0.02706 6.8 9.6
0.02707 6.8 9.6
0.02708 6.8 9.6
0.02709 7 9.6
0.0271 6.8 9.6
0.02711 7.2 9.6
0.02712 7.2 9.6
0.02713 7.2 9.6
0.02714 7 9.6
0.02715 7.2 9.6
0.02716 7.2 9.6
0.02717 7.2 9.8
0.02718 7.2 9.8
0.02719 7.4 9.8
0.0272 7.2 9.8
0.02721 7.2 9.8
0.02722 7.4 9.8
0.02723 7.4 9.8
0.02724 7.4 9.8
0.02725 7.6 9.8
0.02726 7.6 9.8
0.02727 7.6 9.8
0.02728 7.6 9.6
0.02729 7.6 9.8
0.0273 7.8 9.8
0.02731 7.6 9.8
0.02732 7.6 10
0.02733 7.8 9.8
0.02734 7.8 9.6
0.02735 7.8 9.8
0.02736 7.8 9.8
0.02737 8 9.8
0.02738 8 9.8
0.02739 8 9.8
0.0274 8 9.8
0.02741 8.2 9.8
0.02742 8 9.8
0.02743 8.2 9.8
0.02744 8.2 9.8
0.02745 8.2 9.8
0.02746 8.2 9.6
0.02747 8.2 9.8
0.02748 8.2 9.8
0.02749 8.2 9.8
0.0275 8.4 9.8
0.02751 8.4 9.6
0.02752 8.4 10
0.02753 8.4 9.8
0.02754 8.4 9.8
0.02755 8.6 9.8
0.02756 8.6 9.8
0.02757 8.6 9.8
0.02758 8.8 9.6
0.02759 8.6 9.8
0.0276 8.8 9.8
0.02761 8.8 9.6
0.02762 8.8 9.8
0.02763 8.8 9.8
0.02764 8.8 9.8
0.02765 8.8 9.6
0.02766 9 9.6
0.02767 9 9.8
0.02768 9 9.8
0.02769 9 9.6
0.0277 9 9.6
0.02771 9.2 9.8
0.02772 9.2 9.6
0.02773 9.2 9.6
0.02774 9.2 9.6
0.02775 9.4 9.8
0.02776 9.4 9.8
0.02777 9.2 9.6
0.02778 9.4 9.6
0.02779 9.2 9.6
0.0278 9.2 9.6
0.02781 9.2 9.6
0.02782 9.2 9.6
0.02783 9.2 9.6
0.02784 9.2 9.6
0.02785 9.2 9.6
0.02786 9 9.8
0.02787 9 9.6
0.02788 9 9.8
0.02789 8.8 9.6
0.0279 8.8 9.8
0.02791 8.8 9.6
0.02792 8.8 9.6
0.02793 8.8 9.8
0.02794 8.8 9.8
0.02795 8.8 9.6
0.02796 8.8 9.8
0.02797 8.4 9.6
0.02798 8.4 9.8
0.02799 8.4 9.6
0.028 8.4 9.8
0.02801 8.4 9.6
0.02802 8.2 9.6
0.02803 8.4 9.6
0.02804 8.2 9.8
0.02805 8.2 9.6
0.02806 8.2 9.8
0.02807 8 9.6
0.02808 8.2 9.6
0.02809 8 9.8
0.0281 8 9.6
0.02811 8 9.6
0.02812 8 9.6
0.02813 7.8 9.8
0.02814 8 9.8
0.02815 8 9.6
0.02816 8 9.8
0.02817 8 9.6
0.02818 7.8 9.6
0.02819 7.6 9.6
0.0282 7.8 9.6
0.02821 7.6 9.6
0.02822 7.6 9.8
0.02823 7.6 9.6
0.02824 7.6 9.6
0.02825 7.4 9.6
0.02826 7.2 9.6
0.02827 7.4 9.6
0.02828 7.4 9.6
0.02829 7.2 9.6
0.0283 7.2 9.6
0.02831 7.4 9.6
0.02832 7.2 9.8
0.02833 7.2 9.6
0.02834 7.2 9.6
0.02835 7 9.6
0.02836 7 9.6
0.02837 7.2 9.6
0.02838 7 9.6
0.02839 7 9.6
0.0284 6.8 9.4
0.02841 6.8 9.4
0.02842 6.8 9.4
0.02843 6.8 9.4
0.02844 6.8 9.4
0.02845 6.6 9.4
0.02846 6.6 9.4
0.02847 6.6 9.4
0.02848 6.4 9.4
0.02849 6.4 9.4
0.0285 6.6 9.4
0.02851 6.4 9.2
0.02852 6.4 9.4
0.02853 6.4 9.4
0.02854 6.4 9.2
0.02855 6.4 9.4
0.02856 6.4 9.2
0.02857 6.4 9.2
0.02858 6.2 9.2
0.02859 6.2 9.2
0.0286 6.2 9.2
0.02861 6 9.2
0.02862 6.2 9.2
0.02863 6 9.2
0.02864 6 9
0.02865 6 9
0.02866 6 9
0.02867 5.8 9
0.02868 5.8 9
0.02869 5.8 8.8
0.0287 5.6 9
0.02871 5.8 9
0.02872 5.8 9
0.02873 5.6 9
0.02874 5.6 8.8
0.02875 5.6 9
0.02876 5.6 8.8
0.02877 5.6 8.8
0.02878 5.4 9
0.02879 5.4 8.8
0.0288 5.6 8.8
0.02881 5.2 8.8
0.02882 5.4 8.6
0.02883 5.2 8.6
0.02884 5.2 8.8
0.02885 5.2 8.6
0.02886 5 8.6
0.02887 5 8.6
0.02888 5 8.6
0.02889 5 8.6
0.0289 5 8.6
0.02891 5 8.8
0.02892 4.8 8.6
0.02893 4.8 8.6
0.02894 4.8 8.4
0.02895 4.6 8.4
0.02896 4.8 8.6
0.02897 4.6 8.4
0.02898 4.6 8.6
0.02899 4.6 8.6
0.029 4.4 8.4
0.02901 4.4 8.4
0.02902 4.4 8.4
0.02903 4.4 8.4
0.02904 4.4 8.2
0.02905 4.2 8.2
0.02906 4.4 8.2
0.02907 4.2 8.4
0.02908 4.2 8.2
0.02909 4.2 8.2
0.0291 4.2 8.2
0.02911 4 8
0.02912 4.2 8.2
0.02913 4 8
0.02914 4 8
0.02915 4 8
0.02916 4 8
0.02917 3.8 8
0.02918 3.8 8
0.02919 4 8.2
0.0292 3.8 8
0.02921 3.6 8
0.02922 3.6 8
0.02923 3.6 8
0.02924 3.6 8
0.02925 3.6 7.8
0.02926 3.6 7.8
0.02927 3.4 7.8
0.02928 3.4 7.8
0.02929 3.4 7.6
0.0293 3.4 7.8
0.02931 3.2 7.6
0.02932 3.2 7.6
0.02933 3.2 7.4
0.02934 3.2 7.4
0.02935 3.2 7.2
0.02936 3 7.2
0.02937 3 7.4
0.02938 2.8 7.2
0.02939 3 7.2
0.0294 2.8 7.2
0.02941 2.8 7.2
0.02942 2.8 7
0.02943 2.8 7
0.02944 2.8 6.8
0.02945 2.6 7
0.02946 2.6 6.8
0.02947 2.6 6.8
0.02948 2.4 6.6
0.02949 2.6 6.6
0.0295 2.4 6.6
0.02951 2.4 6.4
0.02952 2.4 6.4
0.02953 2.4 6.4
0.02954 2.4 6.4
0.02955 2.2 6.4
0.02956 2 6
0.02957 2 6.2
0.02958 2 6.2
0.02959 2 6.2
0.0296 2 6
0.02961 1.8 6
0.02962 1.8 5.8
0.02963 1.8 6
0.02964 1.8 5.8
0.02965 1.6 5.8
0.02966 1.6 5.8
0.02967 1.6 5.6
0.02968 1.6 5.6
0.02969 1.6 5.4
0.0297 1.6 5.4
0.02971 1.4 5.4
0.02972 1.6 5.4
0.02973 1.4 5.4
0.02974 1.4 5
0.02975 1.2 5.2
0.02976 1.2 5.2
0.02977 1.2 5
0.02978 1.2 4.8
0.02979 1.2 4.8
0.0298 1 5
0.02981 1 4.6
0.02982 1 4.8
0.02983 1 4.6
0.02984 1 4.8
0.02985 0.8 4.6
0.02986 0.8 4.6
0.02987 0.8 4.6
0.02988 0.6 4.4
0.02989 0.8 4.4
0.0299 0.6 4.2
0.02991 0.6 4.4
0.02992 0.6 4.2
0.02993 0.4 4
0.02994 0.4 4
0.02995 0.6 4
0.02996 0.4 4
0.02997 0.2 3.8
0.02998 0.4 3.8
0.02999 0.2 3.6
0.03 0.2 3.4
0.03001 0 3.6
0.03002 0.2 3.6
0.03003 0 3.4
0.03004 0 3.4
0.03005 0 3.4
0.03006 0 3.2
0.03007 -0.6 3.2
0.03008 -0.4 3.2
0.03009 -0.6 3
0.0301 -0.4 3
0.03011 -0.6 3
0.03012 -0.4 3
0.03013 -0.8 3
0.03014 -0.8 2.8
0.03015 -0.6 2.8
0.03016 -0.8 2.8
0.03017 -0.8 2.6
0.03018 -0.8 2.6
0.03019 -0.8 2.6
0.0302 -0.8 2.4
0.03021 -1 2.4
0.03022 -1 2.4
0.03023 -1 2.4
0.03024 -1 2.2
0.03025 -1 2.4
0.03026 -1.2 2.2
0.03027 -1 2.2
0.03028 -1.2 2
0.03029 -1.4 1.8
0.0303 -1.2 1.8
0.03031 -1.4 1.6
0.03032 -1.4 1.6
0.03033 -1.6 1.6
0.03034 -1.6 1.4
0.03035 -1.6 1.4
0.03036 -1.6 1.2
0.03037 -1.6 1.4
0.03038 -1.6 1.4
0.03039 -1.8 1
0.0304 -1.8 1
0.03041 -2 0.8
0.03042 -2 0.8
0.03043 -2 0.8
0.03044 -2 0.8
0.03045 -2 0.8
0.03046 -2.2 0.4
0.03047 -2.4 0.6
0.03048 -2.2 0.4
0.03049 -2.2 0.2
0.0305 -2.4 0.2
0.03051 -2.2 0.2
0.03052 -2.6 0
0.03053 -2.4 0
0.03054 -2.4 0
0.03055 -2.4 0
0.03056 -2.4 0
0.03057 -2.6 -0.4
0.03058 -2.6 -0.4
0.03059 -2.6 -0.6
0.0306 -2.6 -0.4
0.03061 -2.6 -0.6
0.03062 -2.8 -0.6
0.03063 -2.8 -0.6
0.03064 -3 -0.8
0.03065 -2.8 -0.8
0.03066 -2.8 -0.8
0.03067 -3 -1
0.03068 -3.2 -1
0.03069 -3.2 -1
0.0307 -3.2 -1.2
0.03071 -3.2 -1.2
0.03072 -3.4 -1.2
0.03073 -3.2 -1.2
0.03074 -3.2 -1.4
0.03075 -3.4 -1.4
0.03076 -3.4 -1.4
0.03077 -3.4 -1.6
0.03078 -3.4 -1.6
0.03079 -3.4 -1.4
0.0308 -3.6 -1.8
0.03081 -3.6 -1.6
0.03082 -3.6 -1.8
0.03083 -3.6 -2
0.03084 -3.6 -2
0.03085 -3.8 -2
0.03086 -3.8 -2
0.03087 -3.8 -2.2
0.03088 -4 -2
0.03089 -4 -2
0.0309 -4 -2.2
0.03091 -4 -2.2
0.03092 -4.2 -2.2
0.03093 -4.2 -2.6
0.03094 -4 -2.4
0.03095 -4.2 -2.6
0.03096 -4.2 -2.4
0.03097 -4.2 -2.6
0.03098 -4.2 -2.8
0.03099 -4.4 -2.6
0.031 -4.6 -2.6
0.03101 -4.6 -2.8
0.03102 -4.6 -2.8
0.03103 -4.6 -3
0.03104 -4.8 -3
0.03105 -4.8 -3
0.03106 -4.8 -3.2
0.03107 -4.8 -3.2
0.03108 -4.8 -3.4
0.03109 -4.8 -3.4
0.0311 -5 -3.4
0.03111 -5 -3.4
0.03112 -5 -3.4
0.03113 -5 -3.6
0.03114 -5 -3.6
0.03115 -5 -3.6
0.03116 -5 -3.8
0.03117 -5.2 -3.6
0.03118 -5.4 -3.6
0.03119 -5.4 -3.8
0.0312 -5.4 -3.8
0.03121 -5.4 -4
0.03122 -5.4 -3.8
0.03123 -5.4 -4.2
0.03124 -5.4 -4
0.03125 -5.6 -4.2
0.03126 -5.6 -4.2
0.03127 -5.6 -4.4
0.03128 -5.8 -4.4
0.03129 -5.8 -4.4
0.0313 -5.8 -4.4
0.03131 -5.6 -4.6
0.03132 -6 -4.6
0.03133 -5.8 -4.6
0.03134 -6 -4.6
0.03135 -6 -4.8
0.03136 -6 -4.8
0.03137 -6.2 -4.6
0.03138 -6 -5
0.03139 -6.2 -5
0.0314 -6.2 -4.8
0.03141 -6.2 -5
0.03142 -6.4 -5
0.03143 -6.2 -5.2
0.03144 -6.4 -5.2
0.03145 -6.4 -5.2
0.03146 -6.4 -5.2
0.03147 -6.6 -5.2
0.03148 -6.6 -5.2
0.03149 -6.6 -5.4
0.0315 -6.6 -5.4
0.03151 -6.6 -5.2
0.03152 -6.6 -5.4
0.03153 -6.6 -5.2
0.03154 -6.8 -5.4
0.03155 -6.8 -5.4
0.03156 -6.8 -5.4
0.03157 -7 -5.4
0.03158 -7 -5.4
0.03159 -7 -5.4
0.0316 -7 -5.4
0.03161 -7 -5.8
0.03162 -7 -5.6
0.03163 -7 -5.6
0.03164 -7.2 -5.6
0.03165 -7.2 -5.6
0.03166 -7.2 -5.8
0.03167 -7.2 -5.6
0.03168 -7.2 -5.6
0.03169 -7.4 -5.8
0.0317 -7.4 -5.8
0.03171 -7.4 -5.8
0.03172 -7.4 -5.8
0.03173 -7.4 -5.8
0.03174 -7.6 -6
0.03175 -7.6 -5.8
0.03176 -7.4 -5.8
0.03177 -7.6 -5.8
0.03178 -7.6 -5.8
0.03179 -7.6 -5.8
0.0318 -7.8 -6
0.03181 -7.8 -5.8
0.03182 -7.8 -5.8
0.03183 -8 -6
0.03184 -8 -6
0.03185 -8 -6
0.03186 -7.8 -6
0.03187 -8 -6
0.03188 -8 -6
0.03189 -8.2 -6
0.0319 -8.2 -6
0.03191 -8.2 -6
0.03192 -8.2 -6
0.03193 -8.4 -6.2
0.03194 -8.2 -6.2
0.03195 -8.4 -6.2
0.03196 -8.2 -6.2
0.03197 -8.4 -6.2
0.03198 -8.4 -6.2
0.03199 -8.4 -6.2
0.032 -8.4 -6.2
0.03201 -8.4 -6.2
0.03202 -8.6 -6.4
0.03203 -8.6 -6.2
0.03204 -8.6 -6.2
0.03205 -8.8 -6.4
0.03206 -8.8 -6.4
0.03207 -8.8 -6.4
0.03208 -8.8 -6.4
0.03209 -9 -6.4
0.0321 -9 -6.4
0.03211 -9 -6.4
0.03212 -9 -6.4
0.03213 -9 -6.6
0.03214 -9 -6.6
0.03215 -9 -6.6
0.03216 -9 -6.6
0.03217 -9.2 -6.6
0.03218 -9 -6.6
0.03219 -9.2 -6.6
0.0322 -9.4 -6.6
0.03221 -9.2 -6.6
0.03222 -9.4 -6.6
0.03223 -9.4 -6.6
0.03224 -9.4 -6.6
0.03225 -9.4 -6.6
0.03226 -9.4 -6.6
0.03227 -9.6 -6.6
0.03228 -9.6 -6.6
0.03229 -9.6 -6.6
0.0323 -9.6 -6.6
0.03231 -9.8 -6.6
0.03232 -9.8 -6.6
0.03233 -9.8 -6.8
0.03234 -9.8 -6.6
0.03235 -9.8 -6.6
0.03236 -9.8 -6.6
0.03237 -10 -6.6
0.03238 -10 -6.6
0.03239 -10 -6.8
0.0324 -10 -6.6
0.03241 -10 -6.8
0.03242 -10 -6.6
0.03243 -10 -6.6
0.03244 -10.2 -6.6
0.03245 -10.2 -6.6
0.03246 -10.2 -6.6
0.03247 -10 -6.6
0.03248 -10.2 -6.8
0.03249 -10.2 -6.6
0.0325 -10.4 -6.6
0.03251 -10.4 -6.6
0.03252 -10.4 -6.6
0.03253 -10.6 -6.6
0.03254 -10.6 -6.8
0.03255 -10.6 -6.6
0.03256 -10.6 -6.8
0.03257 -10.6 -6.6
0.03258 -10.8 -6.8
0.03259 -10.6 -6.6
0.0326 -10.6 -6.6
0.03261 -11 -6.6
0.03262 -10.8 -6.8
0.03263 -10.8 -6.6
0.03264 -11 -6.6
0.03265 -11 -6.6
0.03266 -11 -6.6
0.03267 -11.2 -6.6
0.03268 -11 -6.6
0.03269 -11 -6.6
0.0327 -11 -6.6
0.03271 -11.2 -6.6
0.03272 -11.2 -6.8
0.03273 -11.2 -6.6
0.03274 -11.4 -6.6
0.03275 -11.2 -6.6
0.03276 -11.2 -6.6
0.03277 -11.4 -6.6
0.03278 -11.4 -6.6
0.03279 -11.4 -6.6
0.0328 -11.4 -6.8
0.03281 -11.4 -6.8
0.03282 -11.6 -6.8
0.03283 -11.4 -6.6
0.03284 -11.6 -6.6
0.03285 -11.6 -6.8
0.03286 -11.6 -6.8
0.03287 -11.8 -6.6
0.03288 -11.6 -6.6
0.03289 -11.8 -6.6
0.0329 -11.8 -6.6
0.03291 -11.8 -6.6
0.03292 -12 -6.6
0.03293 -11.8 -6.6
0.03294 -11.8 -6.6
0.03295 -12 -6.6
0.03296 -12 -6.8
0.03297 -12 -6.6
0.03298 -12 -6.6
0.03299 -12 -6.6
0.033 -12 -6.6
0.03301 -12 -6.6
0.03302 -12 -6.8
0.03303 -12 -6.6
0.03304 -11.8 -6.6
0.03305 -11.8 -6.6
0.03306 -11.8 -6.8
0.03307 -11.8 -6.6
0.03308 -11.8 -6.6
0.03309 -11.6 -6.6
0.0331 -11.6 -6.6
0.03311 -11.6 -6.6
0.03312 -11.6 -6.6
0.03313 -11.6 -6.6
0.03314 -11.6 -6.6
0.03315 -11.4 -6.6
0.03316 -11.4 -6.6
0.03317 -11.4 -6.6
0.03318 -11.4 -6.6
0.03319 -11.4 -6.6
0.0332 -11.4 -6.6
0.03321 -11.4 -6.6
0.03322 -11.2 -6.6
0.03323 -11.2 -6.6
0.03324 -11.2 -6.6
0.03325 -11.2 -6.8
0.03326 -11 -6.8
0.03327 -11 -6.8
0.03328 -11 -6.6
0.03329 -11 -6.6
0.0333 -11 -6.6
0.03331 -10.8 -6.8
0.03332 -11 -6.8
0.03333 -10.8 -6.6
0.03334 -11 -6.6
0.03335 -10.6 -6.6
0.03336 -10.6 -6.6
0.03337 -10.6 -6.6
0.03338 -10.6 -6.6
0.03339 -10.4 -6.6
0.0334 -10.4 -6.6
0.03341 -10.4 -6.4
0.03342 -10.4 -6.6
0.03343 -10.4 -6.6
0.03344 -10.4 -6.6
0.03345 -10.4 -6.6
0.03346 -10.4 -6.6
0.03347 -10.4 -6.8
0.03348 -10.2 -6.6
0.03349 -10.2 -6.6
0.0335 -10 -6.6
0.03351 -10 -6.6
0.03352 -10.2 -6.6
0.03353 -10 -6.6
0.03354 -10 -6.6
0.03355 -9.8 -6.6
0.03356 -9.8 -6.6
0.03357 -9.8 -6.6
0.03358 -9.8 -6.6
0.03359 -9.8 -6.6
0.0336 -9.8 -6.6
0.03361 -9.8 -6.4
0.03362 -9.8 -6.6
0.03363 -9.6 -6.6
0.03364 -9.6 -6.6
0.03365 -9.6 -6.6
0.03366 -9.6 -6.6
0.03367 -9.6 -6.6
0.03368 -9.4 -6.6
0.03369 -9.2 -6.6
0.0337 -9.4 -6.6
0.03371 -9.4 -6.6
0.03372 -9.4 -6.6
0.03373 -9.4 -6.6
0.03374 -9.2 -6.4
0.03375 -9.2 -6.6
0.03376 -9 -6.4
0.03377 -9 -6.4
0.03378 -9 -6.6
0.03379 -9 -6.4
0.0338 -9 -6.4
0.03381 -9 -6.4
0.03382 -8.8 -6.4
0.03383 -9 -6.4
0.03384 -8.8 -6.2
0.03385 -9 -6.2
0.03386 -8.8 -6.2
0.03387 -8.6 -6.2
0.03388 -8.8 -6.2
0.03389 -8.6 -6.2
0.0339 -8.6 -6.2
0.03391 -8.6 -6.2
0.03392 -8.4 -6
0.03393 -8.4 -6.2
0.03394 -8.4 -6.2
0.03395 -8.4 -6
0.03396 -8.4 -6.2
0.03397 -8.2 -6
0.03398 -8.2 -6
0.03399 -8 -5.8
0.034 -8.2 -6
0.03401 -8.2 -6
0.03402 -8.2 -5.8
0.03403 -8.2 -6
0.03404 -7.8 -5.8
0.03405 -8 -5.8
0.03406 -8 -6
0.03407 -7.8 -5.8
0.03408 -7.8 -5.8
0.03409 -7.8 -5.8
0.0341 -7.6 -5.6
0.03411 -7.6 -5.8
0.03412 -7.6 -5.8
0.03413 -7.6 -5.8
0.03414 -7.6 -5.6
0.03415 -7.4 -5.6
0.03416 -7.4 -5.8
0.03417 -7.4 -5.8
0.03418 -7.2 -5.8
0.03419 -7.2 -5.8
0.0342 -7.2 -5.6
0.03421 -7.2 -5.6
0.03422 -7.2 -5.4
0.03423 -7.2 -5.6
0.03424 -7.2 -5.6
0.03425 -7.2 -5.4
0.03426 -7 -5.4
0.03427 -7 -5.4
0.03428 -6.8 -5.4
0.03429 -7 -5.4
0.0343 -6.8 -5.4
0.03431 -7 -5.4
0.03432 -6.8 -5.4
0.03433 -6.6 -5.4
0.03434 -6.8 -5.4
0.03435 -6.6 -5.2
0.03436 -6.6 -5.2
0.03437 -6.6 -5.2
0.03438 -6.6 -5.2
0.03439 -6.4 -5.2
0.0344 -6.4 -5.2
0.03441 -6.4 -5
0.03442 -6.4 -5.2
0.03443 -6.4 -5.2
0.03444 -6.2 -5.2
0.03445 -6.4 -5
0.03446 -6.2 -5
0.03447 -6.2 -5
0.03448 -6.2 -5
0.03449 -6.2 -5
0.0345 -6 -4.8
0.03451 -6 -5
0.03452 -5.8 -5
0.03453 -6 -4.8
0.03454 -5.8 -4.8
0.03455 -5.8 -4.8
0.03456 -6 -4.8
0.03457 -5.8 -4.8
0.03458 -5.8 -4.8
0.03459 -5.8 -4.6
0.0346 -5.8 -4.4
0.03461 -5.6 -4.4
0.03462 -5.8 -4.4
0.03463 -5.6 -4.4
0.03464 -5.6 -4.4
0.03465 -5.4 -4.2
0.03466 -5.4 -4.2
0.03467 -5.4 -4
0.03468 -5.2 -4
0.03469 -5.2 -4
0.0347 -5.2 -4
0.03471 -5 -3.8
0.03472 -5 -3.8
0.03473 -5.2 -3.6
0.03474 -5 -3.8
0.03475 -5 -3.6
0.03476 -5 -3.6
0.03477 -4.8 -3.4
0.03478 -5 -3.6
0.03479 -4.8 -3.4
0.0348 -4.8 -3.4
0.03481 -4.8 -3.4
0.03482 -4.8 -3.4
0.03483 -4.8 -3.2
0.03484 -4.6 -3.2
0.03485 -4.6 -3.2
0.03486 -4.6 -3
0.03487 -4.4 -3
0.03488 -4.2 -3
0.03489 -4.4 -2.8
0.0349 -4.4 -2.8
0.03491 -4.2 -2.8
0.03492 -4.2 -2.6
0.03493 -4.2 -2.8
0.03494 -4.2 -2.6
0.03495 -4.2 -2.6
0.03496 -4.2 -2.6
0.03497 -4 -2.6
0.03498 -4 -2.4
0.03499 -4 -2.4
0.035 -4 -2.4
0.03501 -3.8 -2.2
0.03502 -3.8 -2.2
0.03503 -3.8 -2.2
0.03504 -3.6 -2
0.03505 -3.6 -2
0.03506 -3.6 -2
0.03507 -3.6 -1.8
0.03508 -3.6 -1.8
0.03509 -3.4 -1.8
0.0351 -3.6 -1.6
0.03511 -3.4 -1.8
0.03512 -3.4 -1.4
0.03513 -3.2 -1.6
0.03514 -3.4 -1.4
0.03515 -3.2 -1.4
0.03516 -3.2 -1.4
0.03517 -3.2 -1.2
0.03518 -3.2 -1.2
0.03519 -3 -1.2
0.0352 -3 -1.2
0.03521 -3 -1
0.03522 -3 -1
0.03523 -3 -1
0.03524 -2.8 -1
0.03525 -2.8 -0.8
0.03526 -2.6 -0.8
0.03527 -2.6 -0.8
0.03528 -2.6 -0.8
0.03529 -2.6 -0.6
0.0353 -2.6 -0.4
0.03531 -2.6 -0.4
0.03532 -2.6 -0.4
0.03533 -2.6 -0.4
0.03534 -2.4 -0.4
0.03535 -2.6 0
0.03536 -2.4 0
0.03537 -2.2 0
0.03538 -2.2 0
0.03539 -2.2 0
0.0354 -2.2 0
0.03541 -2.2 0.2
0.03542 -2.2 0.2
0.03543 -2.2 0.4
0.03544 -2 0.4
0.03545 -2 0.4
0.03546 -1.8 0.6
0.03547 -1.8 0.4
0.03548 -1.8 0.8
0.03549 -1.8 0.6
0.0355 -1.8 0.8
0.03551 -1.8 0.8
0.03552 -1.8 1
0.03553 -1.6 1.2
0.03554 -1.8 1.2
0.03555 -1.6 1
0.03556 -1.6 1.4
0.03557 -1.4 1.4
0.03558 -1.4 1.4
0.03559 -1.2 1.6
0.0356 -1.2 1.4
0.03561 -1.2 1.8
0.03562 -1 1.8
0.03563 -1 1.8
0.03564 -1 1.8
0.03565 -1 2
0.03566 -1 2.2
0.03567 -0.8 2
0.03568 -1 2
0.03569 -1 2.2
0.0357 -0.8 2.4
0.03571 -0.8 2.4
0.03572 -0.6 2.4
0.03573 -0.6 2.4
0.03574 -0.6 2.8
0.03575 -0.6 2.6
0.03576 -0.6 2.8
0.03577 -0.4 2.8
0.03578 0 2.8
0.03579 -0.4 2.8
0.0358 -0.6 3
0.03581 -0.4 3.2
0.03582 0 3
0.03583 0 3.2
0.03584 0 3.2
0.03585 0 3.4
0.03586 0.2 3.2
0.03587 0.2 3.4
0.03588 0.2 3.2
0.03589 0.2 3.4
0.0359 0.4 3.6
0.03591 0.4 3.6
0.03592 0.2 3.8
0.03593 0.2 3.6
0.03594 0.4 3.8
0.03595 0.4 3.8
0.03596 0.6 4
0.03597 0.6 4
0.03598 0.8 4
0.03599 0.6 4.2
0.036 0.8 4.2
0.03601 0.8 4.2
0.03602 0.8 4.4
0.03603 0.8 4.4
0.03604 0.8 4.4
0.03605 0.8 4.4
0.03606 1 4.4
0.03607 1 4.6
0.03608 1 4.6
0.03609 1 4.6
0.0361 1.2 4.8
0.03611 1.2 4.8
0.03612 1.2 4.8
0.03613 1.2 4.8
0.03614 1.2 5
0.03615 1.4 5.2
0.03616 1.4 5
0.03617 1.6 5.2
0.03618 1.6 5.2
0.03619 1.6 5.2
0.0362 1.6 5.4
0.03621 1.4 5.4
0.03622 1.6 5.6
0.03623 1.6 5.6
0.03624 1.6 5.6
0.03625 1.6 5.6
0.03626 1.8 5.6
0.03627 1.8 5.8
0.03628 1.8 5.8
0.03629 2 5.8
0.0363 2 6
0.03631 2 6
0.03632 2 6
0.03633 2.2 6
0.03634 2.2 6
0.03635 2.2 6
0.03636 2.2 6.2
0.03637 2.4 6.2
0.03638 2.4 6.4
0.03639 2.4 6.4
0.0364 2.4 6.4
0.03641 2.6 6.6
0.03642 2.6 6.4
0.03643 2.4 6.6
0.03644 2.6 6.6
0.03645 2.8 6.6
0.03646 2.8 6.8
0.03647 2.8 6.8
0.03648 2.8 7
0.03649 2.8 6.8
0.0365 3 7
0.03651 2.8 7
0.03652 2.8 7
0.03653 3.2 7.2
0.03654 3 7.2
0.03655 3.2 7.2
0.03656 3 7.2
0.03657 3.2 7.2
0.03658 3.2 7.4
0.03659 3.2 7.4
0.0366 3.2 7.4
0.03661 3.2 7.6
0.03662 3.4 7.6
0.03663 3.4 7.6
0.03664 3.6 7.8
0.03665 3.6 7.8
0.03666 3.6 7.8
0.03667 3.6 8
0.03668 3.6 7.8
0.03669 3.6 8
0.0367 3.6 8
0.03671 3.8 8.2
0.03672 3.8 8.2
0.03673 3.8 8.2
0.03674 3.8 8.4
0.03675 4 8.2
0.03676 4 8.2
0.03677 4 8.4
0.03678 4 8.4
0.03679 4 8.2
0.0368 4 8.2
0.03681 4 8.4
0.03682 4.2 8.4
0.03683 4.2 8.4
0.03684 4.2 8.6
0.03685 4.2 8.6
0.03686 4.4 8.4
0.03687 4.4 8.6
0.03688 4.4 8.6
0.03689 4.4 8.8
0.0369 4.4 8.6
0.03691 4.6 8.6
0.03692 4.8 8.6
0.03693 4.6 8.6
0.03694 4.6 8.6
0.03695 4.6 8.6
0.03696 4.6 8.6
0.03697 4.8 8.6
0.03698 4.8 8.6
0.03699 4.8 8.8
0.037 4.8 8.8
0.03701 4.8 8.6
0.03702 5 8.8
0.03703 5 8.8
0.03704 5 8.6
0.03705 5 8.8
0.03706 5 8.8
0.03707 5.2 8.8
0.03708 5.2 8.8
0.03709 5.2 8.6
0.0371 5.2 9
0.03711 5.2 8.8
0.03712 5.4 8.8
0.03713 5.4 9
0.03714 5.4 9
0.03715 5.4 9
0.03716 5.4 9
0.03717 5.6 9
0.03718 5.6 9
0.03719 5.6 9
0.0372 5.6 9
0.03721 5.6 8.8
0.03722 5.8 9
0.03723 5.6 9.2
0.03724 5.8 9.2
0.03725 5.8 9.2
0.03726 6 9.2
0.03727 6 9.2
0.03728 5.8 9.4
0.03729 6 9.2
0.0373 6 9.2
0.03731 6 9.2
0.03732 6.2 9.2
0.03733 6 9.4
0.03734 6.2 9.2
0.03735 6.2 9.4
0.03736 6.2 9.4
0.03737 6.2 9.2
0.03738 6.4 9.4
0.03739 6.2 9.4
0.0374 6.4 9.4
0.03741 6.4 9.4
0.03742 6.6 9.4
0.03743 6.4 9.4
0.03744 6.6 9.4
0.03745 6.4 9.4
0.03746 6.6 9.6
0.03747 6.6 9.4
0.03748 6.8 9.4
0.03749 6.8 9.4
0.0375 6.8 9.6
0.03751 6.8 9.6
0.03752 6.8 9.6
0.03753 6.8 9.6
0.03754 6.8 9.8
0.03755 7 9.6
0.03756 6.8 9.6
0.03757 7 9.6
0.03758 7.2 9.6
0.03759 7.2 9.6
0.0376 7.2 9.6
0.03761 7.2 9.6
0.03762 7.2 9.6
0.03763 7.4 9.8
0.03764 7.4 9.6
0.03765 7.2 9.6
0.03766 7.2 9.8
0.03767 7.4 9.8
0.03768 7.4 9.6
0.03769 7.4 10
0.0377 7.6 9.6
0.03771 7.6 9.6
0.03772 7.4 9.8
0.03773 7.6 9.8
0.03774 7.6 10
0.03775 7.6 9.8
0.03776 7.6 9.8
0.03777 7.6 9.8
0.03778 7.8 9.8
0.03779 7.6 10
0.0378 7.6 10
0.03781 7.8 9.8
0.03782 7.8 9.8
0.03783 7.8 9.8
0.03784 8 9.8
0.03785 8 9.8
0.03786 8.2 9.6
0.03787 8 9.6
0.03788 8 9.6
0.03789 8.2 9.8
0.0379 8.2 9.8
0.03791 8.2 9.6
0.03792 8.2 9.8
0.03793 8.2 9.8
0.03794 8.2 9.8
0.03795 8.4 9.6
0.03796 8.4 9.8
0.03797 8.4 9.8
0.03798 8.6 10
0.03799 8.6 9.8
0.038 8.6 9.8
0.03801 8.8 9.6
0.03802 8.8 9.6
0.03803 8.8 9.8
0.03804 8.6 9.8
0.03805 8.8 9.8
0.03806 8.8 9.8
0.03807 8.8 9.6
0.03808 8.8 9.8
0.03809 9 9.6
0.0381 8.8 9.8
0.03811 9 9.6
0.03812 9 9.8
0.03813 9.2 9.8
0.03814 9 9.6
0.03815 9 9.8
0.03816 9 9.8
0.03817 9.2 9.6
0.03818 9.2 9.8
0.03819 9.2 9.6
0.0382 9.2 9.6
0.03821 9.4 9.8
0.03822 9.4 9.8
0.03823 9.2 9.8
0.03824 9.2 9.8
0.03825 9.2 9.6
0.03826 9.2 9.6
0.03827 9.2 9.6
0.03828 9.2 9.8
0.03829 9 9.6
0.0383 9 9.6
0.03831 9 9.6
0.03832 9 9.6
0.03833 8.8 9.8
0.03834 8.8 9.6
0.03835 8.8 9.6
0.03836 8.8 9.6
0.03837 8.8 9.8
0.03838 8.8 9.8
0.03839 8.8 9.8
0.0384 8.8 9.6
0.03841 8.8 9.8
0.03842 8.8 9.8
0.03843 8.4 9.8
0.03844 8.6 9.8
0.03845 8.4 9.6
0.03846 8.4 9.8
0.03847 8.6 9.6
0.03848 8.2 9.6
0.03849 8.4 9.6
0.0385 8.4 9.6
0.03851 8.4 9.6
0.03852 8.2 9.6
0.03853 8.2 9.6
0.03854 8 9.6
0.03855 8.2 9.6
0.03856 8 9.6
0.03857 8.2 9.8
0.03858 8 9.6
0.03859 8 9.6
0.0386 8 9.8
0.03861 7.8 9.8
0.03862 7.8 9.8
0.03863 7.8 9.6
0.03864 7.8 9.6
0.03865 7.8 9.6
0.03866 7.6 9.6
0.03867 7.6 9.6
0.03868 7.6 9.6
0.03869 7.6 9.8
0.0387 7.6 9.6
0.03871 7.4 9.6
0.03872 7.4 9.6
0.03873 7.4 9.6
0.03874 7.4 9.6
0.03875 7.4 9.6
0.03876 7.4 9.6
0.03877 7.2 9.8
0.03878 7.2 9.6
0.03879 7.2 9.6
0.0388 7.2 9.6
0.03881 7.2 9.6
0.03882 7.2 9.6
0.03883 7 9.6
0.03884 7 9.6
0.03885 7 9.6
0.03886 7 9.6
0.03887 6.8 9.6
0.03888 6.8 9.6
0.03889 6.8 9.4
0.0389 6.8 9.6
0.03891 6.8 9.4
0.03892 6.8 9.4
0.03893 6.8 9.4
0.03894 6.6 9.4
0.03895 6.6 9.4
0.03896 6.6 9.4
0.03897 6.6 9.4
0.03898 6.4 9.4
0.03899 6.4 9.4
0.039 6.4 9.4
0.03901 6.4 9.4
0.03902 6.4 9.2
0.03903 6.4 9.2
0.03904 6.4 9.2
0.03905 6.2 9.2
0.03906 6.2 9.2
0.03907 6.2 9.2
0.03908 6 9.2
0.03909 6 9.2
0.0391 6 9.2
0.03911 5.8 9.2
0.03912 6 9.2
0.03913 5.8 9.2
0.03914 5.8 9
0.03915 5.6 9
0.03916 5.8 9
0.03917 5.8 8.8
0.03918 5.6 8.8
0.03919 5.6 8.8
0.0392 5.6 8.8
0.03921 5.6 9
0.03922 5.6 8.8
0.03923 5.4 8.8
0.03924 5.4 8.8
0.03925 5.4 8.8
0.03926 5.4 8.8
0.03927 5.4 8.8
0.03928 5.2 8.8
0.03929 5.4 8.8
0.0393 5.2 8.6
0.03931 5 8.8
0.03932 5.2 8.6
0.03933 5.2 8.8
0.03934 5 8.6
0.03935 5.2 8.6
0.03936 5 8.6
0.03937 4.8 8.6
0.03938 4.8 8.4
0.03939 4.8 8.6
0.0394 4.8 8.4
0.03941 4.8 8.4
0.03942 4.8 8.4
0.03943 4.6 8.4
0.03944 4.6 8.4
0.03945 4.6 8.4
0.03946 4.6 8.4
0.03947 4.4 8.2
0.03948 4.6 8.4
0.03949 4.4 8.4
0.0395 4.4 8.2
0.03951 4.4 8.4
0.03952 4.2 8.2
0.03953 4.2 8
0.03954 4.2 8.2
0.03955 4 8.2
0.03956 4.2 8.2
0.03957 4.2 8.4
0.03958 4.2 8
0.03959 4 8
0.0396 4 8
0.03961 4 8
0.03962 4 8.2
0.03963 4 8
0.03964 4 8
0.03965 4 8
0.03966 3.8 8
0.03967 3.8 8
0.03968 3.6 7.8
0.03969 3.6 8
0.0397 3.6 8
0.03971 3.6 7.8
0.03972 3.6 8
0.03973 3.6 7.8
0.03974 3.4 8
0.03975 3.4 7.6
0.03976 3.4 7.6
0.03977 3.2 7.8
0.03978 3.2 7.4
0.03979 3.2 7.4
0.0398 3.2 7.4
0.03981 3.2 7.2
0.03982 3.2 7.4
0.03983 3 7.2
0.03984 3 7.2
0.03985 3.2 7.2
0.03986 3 7
0.03987 3 7
0.03988 2.8 7
0.03989 2.8 6.8
0.0399 2.6 6.8
0.03991 2.6 6.8
0.03992 2.8 6.8
0.03993 2.6 6.6
0.03994 2.6 6.4
0.03995 2.4 6.6
0.03996 2.4 6.4
0.03997 2.4 6.4
0.03998 2.4 6.4
0.03999 2.2 6.2
