0 0.08 11.4
0.001 0.08 11.6
0.002 0 11.4
0.003 0.08 11.6
0.004 0 11.6
0.005 0 11.6
0.006 0.08 11.6
0.007 0.08 11.6
0.008 0 11.6
0.009 0 11.4
0.01 0.08 11.4
0.011 0 11.4
0.012 0.08 11.6
0.013 0 11.6
0.014 0.08 11.4
0.015 0 11.4
0.016 0 11.4
0.017 0 11.4
0.018 0 11.6
0.019 0 11.6
0.02 0.08 11.6
0.021 0.08 11.6
0.022 0 11.4
0.023 0 11.6
0.024 0 11.4
0.025 0 11.6
0.026 0.08 11.6
0.027 0 11.6
0.028 0 11.4
0.029 0 11.4
0.03 0 11.4
0.031 0 11.4
0.032 0 11.6
0.033 0 11.4
0.034 0 11.6
0.035 0 11.6
0.036 0 11.6
0.037 0 11.4
0.038 0 11.6
0.039 0.08 11.4
0.04 0 11.4
0.041 0.08 11.6
0.042 0.08 11.6
0.043 0.08 11.4
0.044 0 11.6
0.045 0 11.6
0.046 0.08 11.4
0.047 0 11.6
0.048 0 11.6
0.049 0 11.6
0.05 0 11.6
0.051 0 11.6
0.052 0 11.6
0.053 0 11.6
0.054 0 11.6
0.055 0 11.6
0.056 0 11.6
0.057 0 11.6
0.058 0 11.8
0.059 0.08 11.6
0.06 0 11.6
0.061 0 11.8
0.062 0.08 11.8
0.063 0 12
0.064 0 11.8
0.065 0.08 12
0.066 0 12
0.067 0 12.2
0.068 0.08 12.2
0.069 0 12.2
0.07 0 12.4
0.071 0 12.4
0.072 0.08 12.6
0.073 0.08 12.6
0.074 0 12.6
0.075 0 12.6
0.076 0 12.6
0.077 0.08 12.6
0.078 0.08 12.6
0.079 0 12.6
0.08 1.04 13
0.081 4.4 12.6
0.082 6.88 12.8
0.083 8.24 12.8
0.084 8.8 13
0.085 0 11.6
0.086 8.8 12.8
0.087 8.8 12.8
0.088 8.88 12.6
0.089 8.88 13
0.09 8.8 12.6
0.091 8.88 12.8
0.092 8.96 12.6
0.093 8.88 12.6
0.094 8.88 12.4
0.095 8.88 12.6
0.096 8.32 1.4
0.097 7.12 1.4
0.098 4.96 1.8
0.099 1.76 1.8
0.1 0.08 2
0.101 0.08 1.8
0.102 0.08 1.6
0.103 0.08 1.8
0.104 0.08 1.8
0.105 0.08 1.8
0.106 0.08 2
0.107 0.08 1.8
0.108 0.08 2
0.109 0 2
0.11 0 1.8
0.111 0.08 2.2
0.112 0.08 2
0.113 0.08 2
0.114 0.16 2
0.115 0 2
0.116 0.08 2.2
0.117 0.08 2.2
0.118 0.08 2
0.119 0.08 2.2
0.12 0.08 2.2
0.121 0 13.2
0.122 0 13.2
0.123 0 13.2
0.124 0 13
0.125 0 13
0.126 0 13.2
0.127 0.08 13.2
0.128 0 13.2
0.129 0.08 13.2
0.13 0.08 13
0.131 0 13
0.132 0 13
0.133 0.08 13
0.134 0 13
0.135 0 12.8
0.136 0.08 12.8
0.137 0 13.2
0.138 0.08 13
0.139 0 13
0.14 0 13
0.141 0 13
0.142 0 12.8
0.143 0.08 12.6
0.144 0.08 12.6
0.145 0 12.4
0.146 0 12.4
0.147 0.08 12.4
0.148 0.08 12.4
0.149 0 11.6
0.15 0 11.4
0.151 0.08 11.6
0.152 0 11.6
0.153 0.08 11.4
0.154 0 11.4
0.155 0 11.4
0.156 0.08 11.6
0.157 0 11.6
0.158 0 11.4
0.159 0 11.6
0.16 0 11.4
0.161 0 11.6
0.162 0 11.4
0.163 0 11.6
0.164 0.08 11.6
0.165 0.08 11.4
0.166 0 11.6
0.167 0.08 11.4
0.168 0 11.6
0.169 0.08 11.6
0.17 0.08 11.6
0.171 0.08 11.6
0.172 0.08 11.4
0.173 0 11.6
0.174 0 11.4
0.175 0.08 11.6
0.176 0.08 11.6
0.177 0.08 11.6
0.178 0 11.4
0.179 0.08 11.6
0.18 0 11.6
0.181 0 11.6
0.182 0 11.6
0.183 0.08 11.6
0.184 0.08 11.6
0.185 0 11.6
0.186 0 11.6
0.187 0 11.6
0.188 0 11.4
0.189 0.08 11.4
0.19 0.08 11.6
0.191 0 11.4
0.192 0.08 11.4
0.193 0.08 11.4
0.194 0 11.6
0.195 0 11.6
0.196 0 11.6
0.197 0 11.4
0.198 0 11.6
0.199 0 11.6
0.2 0 11.6
0.201 0 11.6
0.202 0 11.4
0.203 0 11.6
0.204 0 11.6
0.205 0 11.6
0.206 0.08 11.4
0.207 0.08 11.6
0.208 0 11.6
0.209 0 11.6
0.21 0.08 11.6
0.211 0 11.4
0.212 0 11.4
0.213 0 11.6
0.214 0 11.6
0.215 0 11.4
0.216 0 11.6
0.217 0 11.4
0.218 0 11.4
0.219 0.08 11.6
0.22 0 11.4
0.221 0.08 11.6
0.222 0 11.6
0.223 0 11.4
0.224 0 11.6
0.225 0 11.4
0.226 0 11.4
0.227 0 11.6
0.228 0.08 11.6
0.229 0 11.4
0.23 0 11.6
0.231 0.08 11.6
0.232 0 11.6
0.233 0 11.6
0.234 0 11.6
0.235 0 11.4
0.236 0 11.6
0.237 0 11.4
0.238 0.08 11.4
0.239 0 11.4
0.24 0 11.6
0.241 0.08 11.4
0.242 0 11.6
0.243 0 11.6
0.244 0 11.4
0.245 0 11.4
0.246 0 11.4
0.247 0.08 11.6
0.248 0 11.4
0.249 0 11.4
0.25 0.08 11.6
0.251 0 11.4
0.252 0 11.4
0.253 0 11.4
0.254 0 11.4
0.255 0 11.6
0.256 0 11.6
0.257 0.08 11.6
0.258 0 11.6
0.259 0.08 11.6
0.26 0 11.6
0.261 0 11.6
0.262 0.08 11.6
0.263 0.08 11.6
0.264 0 11.6
0.265 0.08 11.6
0.266 0 11.6
0.267 0.08 11.6
0.268 0 11.4
0.269 0 11.6
0.27 0.08 11.6
0.271 0 11.6
0.272 0.08 11.4
0.273 0.08 11.6
0.274 0 11.6
0.275 0 11.4
0.276 0 11.4
0.277 0.08 11.6
0.278 0.08 11.6
0.279 0 11.6
0.28 0 11.4
0.281 0 11.4
0.282 0 11.6
0.283 0.08 11.4
0.284 0 11.6
0.285 0 11.6
0.286 0.08 11.4
0.287 0.08 11.4
0.288 0 11.6
0.289 0.08 11.6
0.29 0 11.6
0.291 0 11.4
0.292 0.08 11.4
0.293 0.08 11.6
0.294 0.08 11.6
0.295 0 11.4
0.296 0 11.6
0.297 0 11.6
0.298 0.08 11.6
0.299 0 11.6
0.3 0.08 11.4
0.301 0 11.4
0.302 0.08 11.6
0.303 0.08 11.4
0.304 0 11.6
0.305 0.08 11.6
0.306 0.08 11.6
0.307 0 11.4
0.308 0 11.4
0.309 0 11.6
0.31 0.08 11.4
0.311 0.08 11.4
0.312 0 11.4
0.313 0.08 11.6
0.314 0.08 11.4
0.315 0 11.6
0.316 0 11.6
0.317 0 11.6
0.318 0 11.4
0.319 0 11.4
0.32 0 11.4
0.321 0 11.4
0.322 0 11.6
0.323 0 11.4
0.324 0 11.4
0.325 0 11.4
0.326 0.08 11.6
0.327 0 11.6
0.328 0 11.6
0.329 0 11.4
0.33 0 11.6
0.331 0 11.6
0.332 0 11.6
0.333 0 11.6
0.334 0 11.4
0.335 0 11.4
0.336 0 11.4
0.337 0 11.6
0.338 0 11.4
0.339 0 11.6
0.34 0.08 11.6
0.341 0 11.4
0.342 0 11.6
0.343 0 11.6
0.344 0 11.6
0.345 0 11.6
0.346 0.08 11.6
0.347 0 11.4
0.348 0 11.6
0.349 0 11.4
0.35 0 11.4
0.351 0 11.6
0.352 0 11.4
0.353 0 11.4
0.354 0 11.4
0.355 0 11.6
0.356 0.08 11.6
0.357 0 11.6
0.358 0 11.6
0.359 0 11.6
0.36 0 11.4
0.361 0.08 11.6
0.362 0 11.6
0.363 0.08 11.6
0.364 0 11.6
0.365 0.08 11.4
0.366 0 11.6
0.367 0 11.6
0.368 0 11.4
0.369 0 11.4
0.37 0 11.6
0.371 0.08 11.6
0.372 0.08 11.6
0.373 0 11.4
0.374 0.08 11.6
0.375 0.08 11.6
0.376 0 11.4
0.377 0.08 11.4
0.378 0 11.4
0.379 0 11.6
0.38 0 11.6
0.381 0.08 11.4
0.382 0 11.6
0.383 0 11.4
0.384 0 11.6
0.385 0 11.6
0.386 0 11.4
0.387 0 11.6
0.388 0 11.6
0.389 0 11.4
0.39 0 11.4
0.391 0.08 11.4
0.392 0 11.6
0.393 0.08 11.6
0.394 0.08 11.4
0.395 0.08 11.4
0.396 0 11.4
0.397 0.08 11.6
0.398 0 11.4
0.399 0 11.4
0.4 0 11.4
0.401 0 11.6
0.402 0 11.6
0.403 0 11.4
0.404 0 11.6
0.405 0 11.4
0.406 0 11.4
0.407 0 11.6
0.408 0 11.6
0.409 0 11.6
0.41 0.08 11.4
0.411 0 11.4
0.412 0 11.4
0.413 0.08 11.4
0.414 0.08 11.6
0.415 0 11.6
0.416 0 11.6
0.417 0 11.4
0.418 0 11.6
0.419 0 11.6
0.42 0 11.4
0.421 0 11.4
0.422 0.08 11.4
0.423 0 11.6
0.424 0 11.6
0.425 0 11.4
0.426 0 11.6
0.427 0.08 11.6
0.428 0 11.4
0.429 0 11.4
0.43 0 11.4
0.431 0 11.6
0.432 0 11.4
0.433 0 11.6
0.434 0.08 11.4
0.435 0.08 11.4
0.436 0 11.4
0.437 0 11.6
0.438 0 11.4
0.439 0 11.4
0.44 0 11.4
0.441 0 11.4
0.442 0 11.4
0.443 0 11.4
0.444 0 11.4
0.445 0 11.4
0.446 0 11.6
0.447 0 11.6
0.448 0 11.6
0.449 0 11.6
0.45 0 11.6
0.451 0 11.6
0.452 0 11.6
0.453 0.08 11.6
0.454 0.08 11.4
0.455 0 11.6
0.456 0 11.4
0.457 0 11.4
0.458 0.08 11.6
0.459 0.08 11.4
0.46 0 11.6
0.461 0.08 11.4
0.462 0 11.4
0.463 0 11.4
0.464 0 11.4
0.465 0.08 11.4
0.466 0 11.4
0.467 0.08 11.6
0.468 0 11.4
0.469 0 11.4
0.47 0.08 11.6
0.471 0.08 11.6
0.472 0 11.6
0.473 0 11.4
0.474 0 11.6
0.475 0.08 11.4
0.476 0 11.6
0.477 0.08 11.6
0.478 0 11.6
0.479 0 11.4
0.48 0.08 11.6
0.481 0 11.4
0.482 0 11.6
0.483 0.08 11.4
0.484 0 11.6
0.485 0 11.6
0.486 0.08 11.6
0.487 0 11.6
0.488 0 11.4
0.489 0 11.4
0.49 0 11.4
0.491 0 11.4
0.492 0 11.4
0.493 0 11.6
0.494 0 11.6
0.495 0 11.4
0.496 0 11.6
0.497 0 11.4
0.498 0.08 11.6
0.499 0 11.4
0.5 0.08 11.6
0.501 0 11.6
0.502 0.08 11.6
0.503 0.08 11.6
0.504 0 11.4
0.505 0.08 11.4
0.506 0 11.6
0.507 0 11.6
0.508 0 11.4
0.509 0 11.4
0.51 0.08 11.6
0.511 0 11.6
0.512 0.08 11.4
0.513 0 11.4
0.514 0 11.4
0.515 0 11.4
0.516 0 11.6
0.517 0.08 11.6
0.518 0.08 11.6
0.519 0.08 11.6
0.52 0 11.6
0.521 0 11.6
0.522 0 11.4
0.523 0 11.6
0.524 0.08 11.6
0.525 0 11.6
0.526 0 11.6
0.527 0.08 11.4
0.528 0 11.6
0.529 0 11.4
0.53 0 11.4
0.531 0.08 11.6
0.532 0 11.4
0.533 0 11.4
0.534 0.08 11.6
0.535 0 11.4
0.536 0 11.4
0.537 0.08 11.4
0.538 0 11.4
0.539 0 11.4
0.54 0 11.6
0.541 0 11.6
0.542 0 11.4
0.543 0 11.6
0.544 0 11.6
0.545 0 11.6
0.546 0 11.4
0.547 0 11.4
0.548 0 11.6
0.549 0 11.4
0.55 0 11.4
0.551 0.08 11.6
0.552 0 11.6
0.553 0.08 11.4
0.554 0 11.6
0.555 0 11.6
0.556 0 11.6
0.557 0.08 11.6
0.558 0 11.6
0.559 0.08 11.4
0.56 0.08 11.4
0.561 0 11.6
0.562 0.08 11.4
0.563 0 11.4
0.564 0.08 11.6
0.565 0 11.4
0.566 0.08 11.6
0.567 0 11.4
0.568 0 11.6
0.569 0.08 11.6
0.57 0.08 11.6
0.571 0.08 11.6
0.572 0 11.6
0.573 0.08 11.6
0.574 0 11.6
0.575 0 11.6
0.576 0 11.6
0.577 0 11.4
0.578 0.08 11.6
0.579 0 11.4
0.58 0 11.6
0.581 0 11.4
0.582 0.08 11.6
0.583 0.08 11.4
0.584 0.08 11.6
0.585 0.08 11.6
0.586 0 11.4
0.587 0 11.6
0.588 0 11.4
0.589 0 11.4
0.59 0 11.4
0.591 0.08 11.6
0.592 0 11.4
0.593 0 11.4
0.594 0 11.4
0.595 0 11.4
0.596 0 11.6
0.597 0 11.4
0.598 0 11.6
0.599 0 11.4
0.6 0 11.6
0.601 0 11.6
0.602 0.08 11.4
0.603 0.08 11.4
0.604 0 11.6
0.605 0 11.6
0.606 0 11.6
0.607 0.08 11.6
0.608 0 11.4
0.609 0 11.6
0.61 0 11.6
0.611 0.08 11.6
0.612 0 11.6
0.613 0 11.6
0.614 0 11.6
0.615 0 11.6
0.616 0 11.8
0.617 0.08 11.6
0.618 0 11.8
0.619 0 11.6
0.62 0 11.8
0.621 0 11.8
0.622 0 12
0.623 0.08 12
0.624 0 12
0.625 0 12
0.626 0.08 12.4
0.627 0 12.2
0.628 0 12.4
0.629 0.08 12.4
0.63 0 12.4
0.631 0 12.4
0.632 0 12.6
0.633 0 12.6
0.634 0.08 12.6
0.635 0 12.6
0.636 0 12.6
0.637 0 12.8
0.638 0 12.6
0.639 0.08 12.6
0.64 0.56 12.6
0.641 3.84 12.6
0.642 6.72 12.6
0.643 8.16 12.8
0.644 8.8 12.8
0.645 8.88 12.6
0.646 8.88 13
0.647 8.88 12.8
0.648 8.88 12.8
0.649 8.96 12.8
0.65 8.88 12.6
0.651 8.96 12.6
0.652 8.96 12.4
0.653 8.96 1.4
0.654 8.96 1.4
0.655 8.88 1.6
0.656 8.4 1.8
0.657 7.12 1.8
0.658 5.36 1.8
0.659 2.24 1.6
0.66 0.16 1.8
0.661 0.08 1.8
0.662 0.16 2
0.663 0.08 1.8
0.664 0.08 1.8
0.665 0.08 1.8
0.666 0 1.8
0.667 0.08 2
0.668 0.08 2
0.669 0.08 2
0.67 0.08 2.2
0.671 0 1.8
0.672 0 2
0.673 0 2
0.674 0.08 2
0.675 0.08 2
0.676 0.08 2.4
0.677 0 2.2
0.678 0.08 2.6
0.679 0 13.2
0.68 0.08 13.2
0.681 0.08 13
0.682 0.08 13
0.683 0.08 13
0.684 0.08 13
0.685 0 13.2
0.686 0.08 13.2
0.687 0 12.8
0.688 0 13
0.689 0.08 13
0.69 0 13
0.691 0 13
0.692 0 12.8
0.693 0.08 13
0.694 0.08 13
0.695 0 12.8
0.696 0.08 13
0.697 0 12.8
0.698 0.08 12.8
0.699 0 12.6
0.7 0 12.8
0.701 0 12.6
0.702 0.08 12.6
0.703 0 12.6
0.704 0.08 12.6
0.705 0 12.4
0.706 0 12.2
0.707 0 11.4
0.708 0 11.4
0.709 0 11.4
0.71 0.08 11.6
0.711 0 11.4
0.712 0 11.6
0.713 0 11.6
0.714 0 11.6
0.715 0 11.6
0.716 0 11.6
0.717 0.08 11.4
0.718 0 11.6
0.719 0.08 11.6
0.72 0 11.4
0.721 0 11.6
0.722 0 11.6
0.723 0 11.6
0.724 0 11.4
0.725 0 11.6
0.726 0 11.6
0.727 0.08 11.4
0.728 0.08 11.4
0.729 0 11.4
0.73 0.08 11.6
0.731 0 11.6
0.732 0.08 11.6
0.733 0 11.4
0.734 0 11.4
0.735 0 11.6
0.736 0 11.4
0.737 0 11.6
0.738 0 11.4
0.739 0.08 11.6
0.74 0 11.6
0.741 0 11.6
0.742 0 11.4
0.743 0 11.4
0.744 0 11.6
0.745 0 11.6
0.746 0.08 11.6
0.747 0.08 11.4
0.748 0.08 11.4
0.749 0.08 11.6
0.75 0.08 11.4
0.751 0 11.4
0.752 0 11.4
0.753 0.08 11.4
0.754 0 11.6
0.755 0 11.6
0.756 0 11.6
0.757 0.08 11.6
0.758 0.08 11.6
0.759 0.08 11.6
0.76 0 11.6
0.761 0 11.6
0.762 0 11.6
0.763 0 11.6
0.764 0.16 11.4
0.765 0.16 11.4
0.766 0 11.4
0.767 0 11.6
0.768 0 11.4
0.769 0 11.6
0.77 0 11.4
0.771 0 11.4
0.772 0.08 11.6
0.773 0.08 11.4
0.774 0 11.6
0.775 0.08 11.4
0.776 0 11.6
0.777 0 11.6
0.778 0 11.6
0.779 0.08 11.4
0.78 0 11.4
0.781 0 11.4
0.782 0.08 11.6
0.783 0 11.6
0.784 0 11.4
0.785 0.08 11.4
0.786 0.08 11.6
0.787 0 11.4
0.788 0.08 11.6
0.789 0 11.4
0.79 0.08 11.6
0.791 0.08 11.6
0.792 0 11.4
0.793 0 11.6
0.794 0.08 11.4
0.795 0 11.6
0.796 0 11.4
0.797 0.08 11.6
0.798 0.08 11.6
0.799 0 11.4
0.8 0 11.6
0.801 0 11.4
0.802 0.08 11.6
0.803 0 11.4
0.804 0.08 11.4
0.805 0 11.4
0.806 0.08 11.4
0.807 0 11.4
0.808 0 11.4
0.809 0 11.6
0.81 0 11.4
0.811 0 11.4
0.812 0.08 11.6
0.813 0.08 11.6
0.814 0 11.6
0.815 0 11.4
0.816 0 11.6
0.817 0.08 11.6
0.818 0 11.4
0.819 0 11.4
0.82 0.08 11.6
0.821 0 11.4
0.822 0 11.4
0.823 0.08 11.6
0.824 0.08 11.4
0.825 0 11.4
0.826 0 11.4
0.827 0.08 11.4
0.828 0.08 11.6
0.829 0 11.6
0.83 0 11.6
0.831 0 11.4
0.832 0 11.4
0.833 0 11.6
0.834 0.08 11.4
0.835 0.08 11.6
0.836 0 11.4
0.837 0 11.6
0.838 0 11.4
0.839 0.08 11.4
0.84 0 11.6
0.841 0 11.2
0.842 0.08 11.4
0.843 0.08 11.4
0.844 0 11.6
0.845 0 11.4
0.846 0 11.6
0.847 0.08 11.4
0.848 0.08 11.4
0.849 0.08 11.4
0.85 0 11.4
0.851 0.08 11.4
0.852 0 11.4
0.853 0.08 11.4
0.854 0 11.4
0.855 0.08 11.4
0.856 0 11.4
0.857 0.08 11.4
0.858 0 11.6
0.859 0 11.6
0.86 0.08 11.6
0.861 0.08 11.4
0.862 0.08 11.4
0.863 0 11.4
0.864 0.08 11.2
0.865 0 11.6
0.866 0 11.4
0.867 0 11.4
0.868 0 11.4
0.869 0 11.6
0.87 0 11.4
0.871 0.08 11.4
0.872 0.08 11.4
0.873 0 11.4
0.874 0 11.4
0.875 0 11.4
0.876 0 11.4
0.877 0 11.6
0.878 0 11.4
0.879 0 11.4
0.88 0.08 11.4
0.881 0 11.4
0.882 0 11.4
0.883 0.08 11.4
0.884 0.08 11.4
0.885 0.08 11.4
0.886 0.08 11.6
0.887 0.08 11.4
0.888 0 11.4
0.889 0 11.6
0.89 0 11.4
0.891 0 11.4
0.892 0 11.4
0.893 0.08 11.4
0.894 0 11.4
0.895 0 11.6
0.896 0.08 11.6
0.897 0 11.4
0.898 0 11.4
0.899 0 11.4
0.9 0 11.6
0.901 0.08 11.6
0.902 0 11.4
0.903 0.08 11.6
0.904 0 11.4
0.905 0 11.6
0.906 0 11.6
0.907 0.08 11.4
0.908 0 11.4
0.909 0 11.4
0.91 0 11.4
0.911 0 11.4
0.912 0 11.6
0.913 0.08 11.4
0.914 0 11.4
0.915 0 11.6
0.916 0 11.6
0.917 0 11.2
0.918 0 11.4
0.919 0 11.4
0.92 0 11.4
0.921 0 11.6
0.922 0.08 11.6
0.923 0.08 11.4
0.924 0 11.6
0.925 0 11.4
0.926 0.08 11.4
0.927 0.08 11.6
0.928 0 11.4
0.929 0 11.4
0.93 0.08 11.4
0.931 0 11.4
0.932 0.08 11.6
0.933 0 11.4
0.934 0 11.4
0.935 0 11.4
0.936 0 11.4
0.937 0.08 11.4
0.938 0 11.4
0.939 0.08 11.4
0.94 0 11.4
0.941 0 11.6
0.942 0 11.6
0.943 0 11.4
0.944 0 11.4
0.945 0 11.4
0.946 0.08 11.6
0.947 0.08 11.4
0.948 0 11.6
0.949 0 11.4
0.95 0 11.4
0.951 0 11.6
0.952 0 11.4
0.953 0 11.4
0.954 0.08 11.4
0.955 0.08 11.6
0.956 0 11.4
0.957 0 11.4
0.958 0 11.6
0.959 0 11.4
0.96 0 11.4
0.961 0.08 11.4
0.962 0 11.4
0.963 0 11.6
0.964 0 11.4
0.965 0 11.4
0.966 0 11.4
0.967 0.08 11.4
0.968 0.08 11.6
0.969 0 11.4
0.97 0 11.6
0.971 0.08 11.4
0.972 0 11.4
0.973 0.08 11.4
0.974 0 11.4
0.975 0 11.6
0.976 0.08 11.6
0.977 0.08 11.6
0.978 0.08 11.4
0.979 0 11.4
0.98 0 11.4
0.981 0 11.4
0.982 0 11.6
0.983 0 11.4
0.984 0 11.2
0.985 0.08 11.6
0.986 0 11.4
0.987 0.08 11.6
0.988 0.08 11.4
0.989 0 11.4
0.99 0 11.4
0.991 0 11.6
0.992 0 11.4
0.993 0 11.4
0.994 0.08 11.4
0.995 0 11.4
0.996 0 11.4
0.997 0.08 11.6
0.998 0 11.4
0.999 0 11.4
1 0 11.4
1.001 0 11.6
1.002 0 11.6
1.003 0 11.4
1.004 0 11.4
1.005 0 11.4
1.006 0 11.6
1.007 0 11.6
1.008 0 11.4
1.009 0.08 11.4
1.01 0 11.6
1.011 0.08 11.6
1.012 0 11.6
1.013 0.08 11.6
1.014 0 11.4
1.015 0 11.6
1.016 0 11.4
1.017 0 11.6
1.018 0 11.6
1.019 0 11.4
1.02 0.08 11.4
1.021 0 11.2
1.022 0.08 11.6
1.023 0 11.4
1.024 0 11.6
1.025 0 11.4
1.026 0.08 11.4
1.027 0.08 11.4
1.028 0 11.4
1.029 0 11.4
1.03 0 11.4
1.031 0.08 11.4
1.032 0 11.4
1.033 0 11.6
1.034 0 11.4
1.035 0.08 11.4
1.036 0.08 11.6
1.037 0 11.6
1.038 0 11.4
1.039 0 11.6
1.04 0 11.4
1.041 0 11.6
1.042 0 11.4
1.043 0 11.6
1.044 0 11.6
1.045 0 11.6
1.046 0.08 11.4
1.047 0 11.6
1.048 0 11.4
1.049 0 11.4
1.05 0.08 11.6
1.051 0.08 11.4
1.052 0 11.4
1.053 0.08 11.6
1.054 0.08 11.6
1.055 0 11.4
1.056 0.08 11.4
1.057 0 11.4
1.058 0.08 11.4
1.059 0 11.4
1.06 0 11.4
1.061 0.08 11.4
1.062 0 11.4
1.063 0.08 11.4
1.064 0 11.4
1.065 0 11.6
1.066 0 11.4
1.067 0.08 11.6
1.068 0.08 11.4
1.069 0 11.6
1.07 0 11.6
1.071 0 11.6
1.072 0 11.6
1.073 0 11.4
1.074 0 11.4
1.075 0 11.6
1.076 0 11.4
1.077 0.08 11.4
1.078 0 11.4
1.079 0.08 11.4
1.08 0 11.4
1.081 0 11.4
1.082 0 11.4
1.083 0 11.4
1.084 0 11.4
1.085 0 11.4
1.086 0 11.4
1.087 0.08 11.4
1.088 0.08 11.4
1.089 0 11.6
1.09 0 11.4
1.091 0 11.6
1.092 0 11.4
1.093 0 11.4
1.094 0 11.4
1.095 0 11.6
1.096 0 11.4
1.097 0 11.6
1.098 0.08 11.4
1.099 0 11.4
1.1 0 11.4
1.101 0 11.4
1.102 0 11.6
1.103 0 11.4
1.104 0 11.4
1.105 0.08 11.4
1.106 0 11.6
1.107 0 11.6
1.108 0.16 11.4
1.109 0 11.4
1.11 0 11.4
1.111 0.08 11.4
1.112 0 11.4
1.113 0.08 11.4
1.114 0 11.4
1.115 0 11.4
1.116 0.08 11.6
1.117 0 11.4
1.118 0 11.6
1.119 0.08 11.6
1.12 0 11.4
1.121 0 11.4
1.122 0 11.6
1.123 0.08 11.4
1.124 0.08 11.6
1.125 0 11.4
1.126 0 11.4
1.127 0 11.4
1.128 0.08 11.4
1.129 0 11.4
1.13 0 11.6
1.131 0 11.4
1.132 0 11.4
1.133 0.08 11.6
1.134 0.08 11.4
1.135 0 11.6
1.136 0 11.4
1.137 0.08 11.4
1.138 0.08 11.4
1.139 0.08 11.4
1.14 0 11.4
1.141 0 11.4
1.142 0 11.4
1.143 0 11.4
1.144 0 11.4
1.145 0 11.4
1.146 0 11.6
1.147 0.08 11.4
1.148 0 11.4
1.149 0 11.4
1.15 0 11.4
1.151 0 11.4
1.152 0 11.4
1.153 0 11.4
1.154 0.08 11.4
1.155 0 11.4
1.156 0.08 11.4
1.157 0 11.6
1.158 0 11.6
1.159 0 11.6
1.16 0.08 11.6
1.161 0 11.4
1.162 0 11.6
1.163 0 11.4
1.164 0 11.4
1.165 0 11.4
1.166 0.08 11.4
1.167 0 11.4
1.168 0 11.4
1.169 0.08 11.6
1.17 0.08 11.6
1.171 0 11.6
1.172 0 11.6
1.173 0 11.6
1.174 0 11.6
1.175 0.08 11.6
1.176 0.08 11.6
1.177 0 11.6
1.178 0 11.6
1.179 0.08 11.6
1.18 0 11.8
1.181 0 11.8
1.182 0.08 11.6
1.183 0 11.8
1.184 0 12
1.185 0 12.2
1.186 0 12.2
1.187 0 12
1.188 0 12.2
1.189 0.08 12.2
1.19 0 12.6
1.191 0 12.6
1.192 0 12.4
1.193 0 12.6
1.194 0 12.6
1.195 0 12.6
1.196 0.08 12.6
1.197 0.08 12.6
1.198 0.24 12.6
1.199 3.36 12.6
1.2 6.24 12.8
1.201 8 12.8
1.202 8.72 12.6
1.203 8.8 12.6
1.204 8.88 12.8
1.205 8.88 12.8
1.206 8.88 12.8
1.207 8.8 12.6
1.208 8.88 13
1.209 8.88 12.8
1.21 8.88 12.6
1.211 8.96 12.6
1.212 8.88 12.6
1.213 8.88 12.4
1.214 8.64 1.2
1.215 7.52 1.4
1.216 5.76 1.6
1.217 2.8 1.4
1.218 0.16 1.8
1.219 0.16 1.8
1.22 0.16 1.8
1.221 0.08 1.4
1.222 0.08 1.8
1.223 0.08 1.8
1.224 0.08 1.8
1.225 0.08 1.8
1.226 0 1.8
1.227 0.08 2
1.228 0.08 1.8
1.229 0.08 1.8
1.23 0 2
1.231 0.08 2
1.232 0.08 2
1.233 0.08 2
1.234 0.08 2
1.235 0.08 2
1.236 0.08 2
1.237 0.08 2.2
1.238 0.08 2.2
1.239 0.32 2.6
1.24 0.08 13.2
1.241 0 13
1.242 0 13.2
1.243 0 13
1.244 0.08 13.2
1.245 0 12.8
1.246 0 13
1.247 0 13
1.248 0.08 13
1.249 0 13
1.25 0.08 12.8
1.251 0 13
1.252 0.08 12.8
1.253 0 13
1.254 0 13
1.255 0 13
1.256 0 12.6
1.257 0 13
1.258 0 12.6
1.259 0 12.6
1.26 0.08 12.6
1.261 0 12.6
1.262 0 12.6
1.263 0 12.6
1.264 0.08 12.4
1.265 0 12.4
1.266 0 12.4
1.267 0.08 12
1.268 0 11.4
1.269 0.08 11.4
1.27 0 11.6
1.271 0 11.6
1.272 0.08 11.6
1.273 0 11.4
1.274 0 11.4
1.275 0 11.4
1.276 0 11.6
1.277 0.08 11.4
1.278 0 11.4
1.279 0.08 11.4
1.28 0 11.4
1.281 0 11.4
1.282 0 11.4
1.283 0 11.6
1.284 0 11.4
1.285 0 11.4
1.286 0 11.4
1.287 0.08 11.4
1.288 0.08 11.6
1.289 0.08 11.4
1.29 0 11.4
1.291 0 11.4
1.292 0.08 11.4
1.293 0 11.4
1.294 0 11.4
1.295 0.08 11.4
1.296 0 11.4
1.297 0 11.4
1.298 0.08 11.4
1.299 0 11.4
1.3 0 11.6
1.301 0 11.6
1.302 0 11.4
1.303 0 11.6
1.304 0 11.6
1.305 0.08 11.6
1.306 0.08 11.6
1.307 0 11.6
1.308 0 11.6
1.309 0 11.4
1.31 0 11.4
1.311 0 11.6
1.312 0 11.6
1.313 0 11.6
1.314 0.08 11.6
1.315 0 11.4
1.316 0.08 11.4
1.317 0.08 11.4
1.318 0 11.6
1.319 0 11.4
1.32 0 11.4
1.321 0.08 11.6
1.322 0 11.4
1.323 0 11.6
1.324 0 11.6
1.325 0.08 11.6
1.326 0.08 11.6
1.327 0 11.4
1.328 0 11.4
1.329 0 11.4
1.33 0 11.6
1.331 0 11.4
1.332 0 11.4
1.333 0.08 11.4
1.334 0 11.4
1.335 0.08 11.6
1.336 0 11.4
1.337 0.08 11.4
1.338 0 11.6
1.339 0 11.6
1.34 0 11.6
1.341 0 11.6
1.342 0 11.6
1.343 0.08 11.4
1.344 0 11.6
1.345 0 11.6
1.346 0.08 11.4
1.347 0 11.6
1.348 0 11.4
1.349 0 11.4
1.35 0 11.6
1.351 0 11.4
1.352 0 11.6
1.353 0 11.6
1.354 0.08 11.6
1.355 0.08 11.4
1.356 0 11.6
1.357 0.08 11.6
1.358 0 11.4
1.359 0.08 11.6
1.36 0 11.4
1.361 0 11.4
1.362 0 11.6
1.363 0 11.4
1.364 0.08 11.4
1.365 0 11.6
1.366 0 11.6
1.367 0.08 11.6
1.368 0.08 11.4
1.369 0 11.6
1.37 0 11.6
1.371 0 11.6
1.372 0 11.6
1.373 0 11.6
1.374 0 11.4
1.375 0 11.6
1.376 0 11.6
1.377 0 11.6
1.378 0.08 11.4
1.379 0 11.4
1.38 0.08 11.6
1.381 0.08 11.6
1.382 0 11.6
1.383 0 11.4
1.384 0 11.4
1.385 0 11.6
1.386 0 11.6
1.387 0 11.6
1.388 0 11.6
1.389 0 11.6
1.39 0 11.4
1.391 0 11.4
1.392 0.08 11.6
1.393 0.08 11.6
1.394 0 11.6
1.395 0 11.6
1.396 0 11.4
1.397 0 11.6
1.398 0.08 11.4
1.399 0.08 11.4
1.4 0 11.4
1.401 0 11.4
1.402 0 11.6
1.403 0 11.6
1.404 0.08 11.6
1.405 0.08 11.4
1.406 0.08 11.6
1.407 0 11.4
1.408 0 11.4
1.409 0 11.6
1.41 0.08 11.4
1.411 0 11.6
1.412 0.08 11.4
1.413 0.08 11.4
1.414 0 11.6
1.415 0 11.4
1.416 0 11.6
1.417 0 11.4
1.418 0 11.4
1.419 0 11.6
1.42 0 11.6
1.421 0.08 11.6
1.422 0.08 11.6
1.423 0 11.6
1.424 0 11.6
1.425 0 11.4
1.426 0 11.4
1.427 0.08 11.4
1.428 0 11.6
1.429 0.08 11.6
1.43 0 11.4
1.431 0 11.6
1.432 0 11.6
1.433 0 11.6
1.434 0 11.6
1.435 0 11.6
1.436 0 11.4
1.437 0 11.4
1.438 0.08 11.6
1.439 0.08 11.6
1.44 0 11.6
1.441 0 11.6
1.442 0 11.6
1.443 0 11.4
1.444 0 11.4
1.445 0 11.4
1.446 0 11.4
1.447 0.08 11.4
1.448 0 11.6
1.449 0 11.6
1.45 0 11.6
1.451 0 11.6
1.452 0 11.6
1.453 0.08 11.6
1.454 0 11.4
1.455 0.08 11.4
1.456 0 11.4
1.457 0 11.4
1.458 0.08 11.4
1.459 0 11.4
1.46 0 11.4
1.461 0 11.4
1.462 0.08 11.6
1.463 0 11.4
1.464 0 11.4
1.465 0.08 11.4
1.466 0 11.4
1.467 0 11.6
1.468 0 11.6
1.469 0 11.6
1.47 0.08 11.6
1.471 0 11.6
1.472 0 11.4
1.473 0.08 11.4
1.474 0 11.4
1.475 0.08 11.6
1.476 0.08 11.4
1.477 0 11.4
1.478 0 11.6
1.479 0 11.4
1.48 0 11.4
1.481 0 11.6
1.482 0 11.4
1.483 0 11.6
1.484 0 11.4
1.485 0 11.6
1.486 0 11.6
1.487 0 11.4
1.488 0 11.4
1.489 0 11.4
1.49 0 11.4
1.491 0 11.4
1.492 0 11.4
1.493 0.08 11.6
1.494 0 11.4
1.495 0 11.6
1.496 0 11.6
1.497 0 11.4
1.498 0 11.4
1.499 0 11.4
1.5 0 11.6
1.501 0 11.6
1.502 0 11.6
1.503 0.08 11.6
1.504 0.08 11.6
1.505 0.08 11.6
1.506 0.08 11.4
1.507 0.08 11.4
1.508 0 11.6
1.509 0 11.6
1.51 0 11.4
1.511 0 11.4
1.512 0.08 11.4
1.513 0.08 11.4
1.514 0.08 11.6
1.515 0 11.6
1.516 0 11.6
1.517 0.08 11.4
1.518 0.08 11.4
1.519 0 11.6
1.52 0 11.4
1.521 0 11.6
1.522 0 11.4
1.523 0 11.4
1.524 0 11.4
1.525 0 11.6
1.526 0 11.4
1.527 0 11.6
1.528 0 11.6
1.529 0 11.6
1.53 0 11.4
1.531 0 11.4
1.532 0 11.6
1.533 0.08 11.6
1.534 0 11.4
1.535 0 11.4
1.536 0 11.4
1.537 0.08 11.6
1.538 0.08 11.4
1.539 0 11.6
1.54 0.08 11.6
1.541 0 11.6
1.542 0 11.4
1.543 0 11.4
1.544 0 11.4
1.545 0 11.6
1.546 0 11.4
1.547 0.08 11.4
1.548 0 11.4
1.549 0 11.4
1.55 0.08 11.6
1.551 0 11.6
1.552 0.08 11.6
1.553 0 11.4
1.554 0.08 11.6
1.555 0.08 11.6
1.556 0 11.4
1.557 0 11.6
1.558 0 11.4
1.559 0 11.4
1.56 0.08 11.6
1.561 0 11.4
1.562 0 11.4
1.563 0.08 11.6
1.564 0 11.6
1.565 0 11.6
1.566 0 11.4
1.567 0 11.4
1.568 0 11.4
1.569 0 11.6
1.57 0.08 11.6
1.571 0 11.4
1.572 0.08 11.4
1.573 0.08 11.6
1.574 0.08 11.6
1.575 0 11.6
1.576 0.08 11.4
1.577 0 11.6
1.578 0 11.4
1.579 0 11.6
1.58 0 11.6
1.581 0 11.4
1.582 0 11.6
1.583 0.08 11.4
1.584 0 11.4
1.585 0 11.4
1.586 0 11.4
1.587 0.08 11.6
1.588 0 11.6
1.589 0 11.4
1.59 0 11.6
1.591 0.08 11.4
1.592 0.08 11.6
1.593 0 11.6
1.594 0 11.4
1.595 0 11.4
1.596 0 11.4
1.597 0 11.6
1.598 0.08 11.6
1.599 0 11.4
1.6 0 11.4
1.601 0.08 11.6
1.602 0 11.4
1.603 0 11.4
1.604 0 11.4
1.605 0 11.4
1.606 0 11.4
1.607 0.08 11.6
1.608 0 11.4
1.609 0 11.4
1.61 0.08 11.4
1.611 0.08 11.4
1.612 0.08 11.4
1.613 0 11.4
1.614 0 11.4
1.615 0 11.6
1.616 0 11.4
1.617 0 11.6
1.618 0 11.4
1.619 0 11.4
1.62 0 11.4
1.621 0 11.6
1.622 0 11.6
1.623 0 11.6
1.624 0 11.6
1.625 0 11.6
1.626 0 11.4
1.627 0 11.4
1.628 0 11.4
1.629 0 11.6
1.63 0 11.4
1.631 0.08 11.2
1.632 0 11.6
1.633 0 11.4
1.634 0 11.4
1.635 0.08 11.6
1.636 0.08 11.6
1.637 0.08 11.6
1.638 0.08 11.6
1.639 0.08 11.6
1.64 0 11.4
1.641 0 11.6
1.642 0 11.6
1.643 0.08 11.6
1.644 0 11.4
1.645 0 11.6
1.646 0.08 11.4
1.647 0 11.6
1.648 0 11.6
1.649 0.08 11.6
1.65 0 11.4
1.651 0.08 11.6
1.652 0 11.6
1.653 0.08 11.6
1.654 0.08 11.4
1.655 0 11.4
1.656 0 11.4
1.657 0 11.4
1.658 0.08 11.4
1.659 0 11.4
1.66 0.08 11.4
1.661 0 11.4
1.662 0 11.6
1.663 0.08 11.6
1.664 0 11.6
1.665 0 11.6
1.666 0 11.6
1.667 0 11.6
1.668 0 11.4
1.669 0 11.4
1.67 0 11.4
1.671 0 11.4
1.672 0 11.4
1.673 0 11.4
1.674 0 11.4
1.675 0 11.6
1.676 0.08 11.4
1.677 0 11.4
1.678 0.08 11.4
1.679 0 11.6
1.68 0 11.4
1.681 0.08 11.6
1.682 0 11.6
1.683 0 11.4
1.684 0 11.4
1.685 0 11.6
1.686 0.08 11.4
1.687 0 11.4
1.688 0 11.6
1.689 0 11.6
1.69 0 11.6
1.691 0.08 11.4
1.692 0 11.6
1.693 0 11.4
1.694 0 11.4
1.695 0.08 11.6
1.696 0 11.6
1.697 0 11.6
1.698 0 11.4
1.699 0 11.4
1.7 0 11.4
1.701 0 11.4
1.702 0 11.4
1.703 0 11.6
1.704 0.08 11.4
1.705 0.08 11.4
1.706 0.08 11.6
1.707 0.08 11.6
1.708 0 11.6
1.709 0 11.4
1.71 0 11.6
1.711 0 11.4
1.712 0.08 11.4
1.713 0 11.6
1.714 0 11.6
1.715 0.08 11.6
1.716 0 11.6
1.717 0 11.6
1.718 0 11.4
1.719 0 11.4
1.72 0 11.6
1.721 0 11.6
1.722 0 11.4
1.723 0.08 11.4
1.724 0 11.4
1.725 0.08 11.6
1.726 0.08 11.6
1.727 0 11.4
1.728 0 11.6
1.729 0 11.6
1.73 0.08 11.6
1.731 0 11.6
1.732 0 11.6
1.733 0.08 11.6
1.734 0 11.6
1.735 0 11.6
1.736 0.08 11.8
1.737 0 11.8
1.738 0 12
1.739 0 11.8
1.74 0 11.8
1.741 0.08 11.8
1.742 0 12
1.743 0.08 12.2
1.744 0 12.2
1.745 0.08 12.4
1.746 0.08 12.4
1.747 0.08 12.4
1.748 0 12.4
1.749 0.08 12.6
1.75 0 12.4
1.751 0 12.6
1.752 0 12.6
1.753 0 12.6
1.754 0.08 12.6
1.755 0 12.6
1.756 0.08 13
1.757 0.08 12.6
1.758 0.08 12.6
1.759 2.24 13
1.76 5.52 13
1.761 7.52 12.6
1.762 8.64 12.6
1.763 8.8 12.8
1.764 8.88 13
1.765 8.88 12.6
1.766 8.96 12.6
1.767 8.96 12.6
1.768 8.88 12.6
1.769 8.96 12.6
1.77 8.96 12.6
1.771 8.96 12.4
1.772 8.96 1.4
1.773 8.88 1.4
1.774 8.8 1.6
1.775 7.92 1.8
1.776 6.4 1.8
1.777 3.92 2
1.778 0.64 1.8
1.779 0.08 1.8
1.78 0.08 1.8
1.781 0.16 1.8
1.782 0.08 1.8
1.783 0.08 1.8
1.784 0.08 1.8
1.785 0.08 1.8
1.786 0.08 2
1.787 0 2
1.788 0.08 2
1.789 0.08 2.2
1.79 0 2
1.791 0.08 2
1.792 0.08 2.2
1.793 0.08 2.2
1.794 0.08 2.2
1.795 0.08 2.2
1.796 0.08 2.2
1.797 0.08 13.2
1.798 0.08 13.2
1.799 0.08 13.2
1.8 0.08 13.2
1.801 0.96 13
1.802 0.08 13
1.803 0.08 13
1.804 0 13
1.805 0.08 13
1.806 0 13
1.807 0.08 13
1.808 0 13
1.809 0 13
1.81 0 13
1.811 0 12.8
1.812 0 12.8
1.813 0 13
1.814 0 12.8
1.815 0 13
1.816 0.08 12.6
1.817 0 12.6
1.818 0 13
1.819 0 12.6
1.82 0.08 12.6
1.821 0.08 12.6
1.822 0 12.4
1.823 0.08 12.6
1.824 0.08 12.4
1.825 0 11.6
1.826 0 11.4
1.827 0 11.6
1.828 0.08 11.4
1.829 0 11.6
1.83 0 11.4
1.831 0 11.8
1.832 0.08 11.4
1.833 0 11.4
1.834 0.08 11.6
1.835 0.08 11.6
1.836 0.08 11.6
1.837 0 11.4
1.838 0.08 11.6
1.839 0.08 11.4
1.84 0 11.6
1.841 0.08 11.6
1.842 0.08 11.4
1.843 0.08 11.6
1.844 0 11.4
1.845 0 11.6
1.846 0 11.6
1.847 0 11.6
1.848 0 11.6
1.849 0.08 11.4
1.85 0 11.6
1.851 0.08 11.4
1.852 0 11.6
1.853 0 11.6
1.854 0 11.4
1.855 0 11.4
1.856 0 11.4
1.857 0.08 11.4
1.858 0 11.6
1.859 0.08 11.6
1.86 0 11.4
1.861 0.08 11.6
1.862 0 11.6
1.863 0 11.4
1.864 0 11.6
1.865 0 11.4
1.866 0 11.4
1.867 0 11.6
1.868 0.08 11.4
1.869 0 11.4
1.87 0 11.4
1.871 0.08 11.6
1.872 0 11.4
1.873 0 11.4
1.874 0 11.6
1.875 0 11.4
1.876 0 11.6
1.877 0.08 11.6
1.878 0 11.6
1.879 0 11.6
1.88 0.08 11.6
1.881 0 11.4
1.882 0 11.4
1.883 0 11.4
1.884 0 11.6
1.885 0 11.6
1.886 0 11.4
1.887 0 11.6
1.888 0 11.6
1.889 0.08 11.4
1.89 0.08 11.4
1.891 0 11.6
1.892 0 11.4
1.893 0 11.4
1.894 0.08 11.6
1.895 0.08 11.6
1.896 0 11.4
1.897 0.08 11.6
1.898 0 11.4
1.899 0 11.4
1.9 0 11.6
1.901 0 11.6
1.902 0.08 11.6
1.903 0.08 11.6
1.904 0 11.4
1.905 0.08 11.6
1.906 0 11.6
1.907 0 11.6
1.908 0 11.6
1.909 0 11.6
1.91 0.08 11.6
1.911 0 11.4
1.912 0 11.4
1.913 0.08 11.6
1.914 0 11.6
1.915 0.08 11.6
1.916 0 11.4
1.917 0.08 11.6
1.918 0 11.6
1.919 0.08 11.6
1.92 0.08 11.6
1.921 0 11.4
1.922 0 11.4
1.923 0 11.6
1.924 0 11.6
1.925 0.08 11.4
1.926 0.08 11.6
1.927 0.08 11.6
1.928 0 11.6
1.929 0 11.6
1.93 0.08 11.6
1.931 0 11.6
1.932 0 11.4
1.933 0.08 11.4
1.934 0.08 11.6
1.935 0 11.4
1.936 0 11.4
1.937 0 11.4
1.938 0 11.6
1.939 0 11.4
1.94 0.08 11.4
1.941 0.08 11.6
1.942 0 11.6
1.943 0.08 11.6
1.944 0 11.4
1.945 0 11.6
1.946 0.08 11.6
1.947 0 11.4
1.948 0 11.4
1.949 0 11.4
1.95 0 11.6
1.951 0 11.6
1.952 0 11.6
1.953 0 11.4
1.954 0 11.4
1.955 0 11.4
1.956 0 11.6
1.957 0 11.6
1.958 0 11.4
1.959 0 11.4
1.96 0 11.4
1.961 0.08 11.4
1.962 0 11.4
1.963 0.08 11.6
1.964 0 11.6
1.965 0.08 11.4
1.966 0 11.6
1.967 0 11.6
1.968 0 11.4
1.969 0.08 11.6
1.97 0 11.6
1.971 0 11.4
1.972 0.08 11.6
1.973 0 11.4
1.974 0.08 11.4
1.975 0.08 11.4
1.976 0.08 11.4
1.977 0 11.4
1.978 0.08 11.4
1.979 0 11.6
1.98 0 11.6
1.981 0 11.4
1.982 0 11.6
1.983 0 11.4
1.984 0.08 11.6
1.985 0 11.6
1.986 0 11.6
1.987 0 11.6
1.988 0.08 11.6
1.989 0.08 11.6
1.99 0 11.6
1.991 0.08 11.6
1.992 0 11.6
1.993 0 11.6
1.994 0 11.6
1.995 0 11.6
1.996 0 11.6
1.997 0.08 11.6
1.998 0 11.6
1.999 0 11.4
2 0 11.4
2.001 0 11.6
2.002 0.08 11.6
2.003 0 11.4
2.004 0 11.4
2.005 0 11.4
2.006 0 11.4
2.007 0 11.4
2.008 0.08 11.6
2.009 0.08 11.6
2.01 0.08 11.4
2.011 0 11.6
2.012 0 11.6
2.013 0 11.6
2.014 0 11.4
2.015 0 11.4
2.016 0 11.4
2.017 0 11.6
2.018 0.08 11.6
2.019 0 11.4
2.02 0.08 11.4
2.021 0.08 11.6
2.022 0 11.4
2.023 0 11.4
2.024 0 11.4
2.025 0.08 11.4
2.026 0 11.4
2.027 0.08 11.6
2.028 0 11.4
2.029 0 11.4
2.03 0.08 11.4
2.031 0 11.6
2.032 0 11.6
2.033 0.08 11.6
2.034 0 11.4
2.035 0 11.4
2.036 0.08 11.4
2.037 0.08 11.6
2.038 0.08 11.4
2.039 0.08 11.6
2.04 0 11.4
2.041 0.08 11.6
2.042 0 11.6
2.043 0.08 11.4
2.044 0 11.6
2.045 0 11.6
2.046 0 11.4
2.047 0.08 11.6
2.048 0.08 11.4
2.049 0 11.4
2.05 0 11.4
2.051 0 11.4
2.052 0.08 11.4
2.053 0.08 11.4
2.054 0 11.4
2.055 0.08 11.6
2.056 0 11.6
2.057 0.08 11.6
2.058 0 11.6
2.059 0 11.6
2.06 0.08 11.4
2.061 0 11.4
2.062 0 11.4
2.063 0 11.4
2.064 0 11.4
2.065 0.08 11.6
2.066 0 11.4
2.067 0.08 11.4
2.068 0 11.6
2.069 0 11.4
2.07 0 11.4
2.071 0 11.6
2.072 0 11.6
2.073 0 11.4
2.074 0.08 11.4
2.075 0 11.4
2.076 0 11.4
2.077 0 11.4
2.078 0.08 11.4
2.079 0.08 11.6
2.08 0 11.4
2.081 0 11.4
2.082 0 11.4
2.083 0.08 11.6
2.084 0 11.4
2.085 0 11.6
2.086 0.08 11.6
2.087 0 11.6
2.088 0 11.6
2.089 0 11.4
2.09 0.08 11.4
2.091 0 11.4
2.092 0 11.4
2.093 0.08 11.4
2.094 0 11.6
2.095 0 11.4
2.096 0.08 11.6
2.097 0 11.6
2.098 0.08 11.4
2.099 0 11.4
2.1 0 11.6
2.101 0 11.4
2.102 0 11.4
2.103 0.08 11.6
2.104 0 11.4
2.105 0.08 11.4
2.106 0 11.4
2.107 0.08 11.4
2.108 0 11.6
2.109 0 11.4
2.11 0.08 11.4
2.111 0 11.6
2.112 0.08 11.4
2.113 0 11.4
2.114 0 11.4
2.115 0 11.6
2.116 0 11.6
2.117 0.08 11.4
2.118 0.08 11.4
2.119 0 11.6
2.12 0.08 11.4
2.121 0 11.4
2.122 0.08 11.4
2.123 0 11.6
2.124 0 11.4
2.125 0 11.4
2.126 0.08 11.4
2.127 0 11.4
2.128 0.08 11.6
2.129 0.08 11.4
2.13 0.08 11.4
2.131 0 11.4
2.132 0.08 11.4
2.133 0.08 11.6
2.134 0 11.4
2.135 0 11.4
2.136 0 11.6
2.137 0.08 11.4
2.138 0 11.4
2.139 0 11.4
2.14 0 11.4
2.141 0 11.4
2.142 0 11.4
2.143 0.08 11.2
2.144 0 11.4
2.145 0.08 11.6
2.146 0.08 11.4
2.147 0 11.6
2.148 0 11.4
2.149 0.08 11.6
2.15 0.08 11.6
2.151 0 11.4
2.152 0 11.4
2.153 0.08 11.4
2.154 0.08 11.4
2.155 0 11.4
2.156 0 11.4
2.157 0.08 11.4
2.158 0 11.6
2.159 0 11.4
2.16 0.08 11.4
2.161 0.08 11.4
2.162 0 11.4
2.163 0 11.4
2.164 0 11.4
2.165 0.08 11.6
2.166 0 11.4
2.167 0 11.4
2.168 0 11.6
2.169 0 11.4
2.17 0.08 11.6
2.171 0.08 11.6
2.172 0 11.2
2.173 0 11.4
2.174 0 11.4
2.175 0.08 11.4
2.176 0 11.6
2.177 0 11.4
2.178 0.08 11.6
2.179 0 11.4
2.18 0 11.6
2.181 0 11.4
2.182 0.08 11.4
2.183 0.08 11.4
2.184 0 11.6
2.185 0 11.4
2.186 0.08 11.6
2.187 0.08 11.4
2.188 0 11.4
2.189 0.08 11.4
2.19 0.08 11.6
2.191 0.08 11.6
2.192 0.08 11.6
2.193 0 11.4
2.194 0 11.4
2.195 0.08 11.4
2.196 0 11.4
2.197 0.08 11.6
2.198 0 11.4
2.199 0 11.6
2.2 0 11.6
2.201 0 11.6
2.202 0 11.4
2.203 0 11.4
2.204 0 11.4
2.205 0 11.6
2.206 0.08 11.4
2.207 0 11.4
2.208 0 11.6
2.209 0 11.4
2.21 0.08 11.4
2.211 0.08 11.6
2.212 0 11.6
2.213 0 11.6
2.214 0.08 11.4
2.215 0 11.4
2.216 0.08 11.4
2.217 0 11.4
2.218 0 11.6
2.219 0 11.4
2.22 0 11.6
2.221 0 11.6
2.222 0.08 11.4
2.223 0.08 11.4
2.224 0 11.4
2.225 0 11.4
2.226 0.08 11.4
2.227 0 11.2
2.228 0.08 11.4
2.229 0 11.4
2.23 0.08 11.4
2.231 0 11.4
2.232 0 11.6
2.233 0.08 11.4
2.234 0 11.4
2.235 0 11.4
2.236 0.08 11.4
2.237 0 11.4
2.238 0 11.4
2.239 0 11.4
2.24 0 11.4
2.241 0.08 11.6
2.242 0 11.4
2.243 0 11.4
2.244 0 11.4
2.245 0 11.4
2.246 0 11.6
2.247 0.08 11.6
2.248 0 11.4
2.249 0.08 11.4
2.25 0 11.4
2.251 0 11.6
2.252 0 11.4
2.253 0 11.4
2.254 0 11.6
2.255 0 11.4
2.256 0.08 11.6
2.257 0 11.4
2.258 0.08 11.6
2.259 0 11.6
2.26 0 11.4
2.261 0.08 11.6
2.262 0 11.4
2.263 0 11.4
2.264 0 11.4
2.265 0 11.4
2.266 0 11.6
2.267 0 11.6
2.268 0 11.6
2.269 0.08 11.6
2.27 0 11.4
2.271 0 11.4
2.272 0.08 11.4
2.273 0 11.4
2.274 0.08 11.6
2.275 0 11.4
2.276 0 11.6
2.277 0 11.4
2.278 0 11.4
2.279 0.08 11.6
2.28 0 11.6
2.281 0 11.4
2.282 0 11.6
2.283 0 11.6
2.284 0 11.4
2.285 0 11.6
2.286 0 11.6
2.287 0.08 11.6
2.288 0 11.6
2.289 0 11.6
2.29 0.08 11.6
2.291 0.08 11.8
2.292 0.08 11.8
2.293 0 11.6
2.294 0 11.6
2.295 0 11.6
2.296 0 11.6
2.297 0.08 11.6
2.298 0 11.6
2.299 0 11.8
2.3 0 12
2.301 0.08 12
2.302 0 11.8
2.303 0 12
2.304 0.08 12.2
2.305 0 12.2
2.306 0 12.2
2.307 0 12.4
2.308 0.08 12.4
2.309 0.08 12.6
2.31 0 12.4
2.311 0.08 12.4
2.312 0 12.6
2.313 0 12.6
2.314 0 12.6
2.315 0 12.6
2.316 0.08 12.8
2.317 0.88 13
2.318 4.16 12.6
2.319 6.8 12.8
2.32 8.32 12.8
2.321 8.8 12.8
2.322 8.88 13
2.323 8.88 12.8
2.324 8.8 12.8
2.325 8.88 13
2.326 8.88 12.8
2.327 8.88 12.8
2.328 8.88 12.8
2.329 8.88 12.8
2.33 8.88 12.6
2.331 8.88 12.6
2.332 8.88 12.4
2.333 8.4 1.4
2.334 7.2 1.4
2.335 5.12 1.6
2.336 2 1.8
2.337 0.16 2
2.338 0.08 1.8
2.339 0.16 1.8
2.34 0.08 1.8
2.341 0.16 1.8
2.342 0.08 2
2.343 0.08 1.6
2.344 0.08 2
2.345 0.08 1.8
2.346 0.08 2
2.347 0.08 2
2.348 0.08 2
2.349 0.08 2
2.35 0.08 2.2
2.351 0.08 2
2.352 0.08 2.2
2.353 0.08 2
2.354 0.08 2
2.355 0.08 2.2
2.356 0.08 2.2
2.357 0 2.4
2.358 0 13.4
2.359 0 13
2.36 0.08 13
2.361 0.08 13
2.362 0.08 13
2.363 0 13
2.364 0 13
2.365 0.08 13
2.366 0 13.2
2.367 0.08 12.8
2.368 0 13
2.369 0.08 13
2.37 0 13
2.371 0 13
2.372 0.08 13
2.373 0.08 13
2.374 0 13
2.375 0 12.8
2.376 0 12.6
2.377 0 12.8
2.378 0 12.6
2.379 0.08 12.8
2.38 0.08 12.6
2.381 0 12.6
2.382 0.08 12.6
2.383 0.08 12.6
2.384 0.08 12.4
2.385 0.08 12.6
2.386 0 11.4
2.387 0 11.4
2.388 0 11.6
2.389 0.08 11.4
2.39 0 11.4
2.391 0.08 11.4
2.392 0 11.4
2.393 0 11.6
2.394 0 11.6
2.395 0.08 11.6
2.396 0 11.6
2.397 0 11.4
2.398 0.08 11.6
2.399 0.08 11.6
2.4 0.08 11.6
2.401 0 11.4
2.402 0 11.4
2.403 0 11.4
2.404 0.08 11.6
2.405 0 11.4
2.406 0.08 11.6
2.407 0.08 11.6
2.408 0 11.6
2.409 0 11.6
2.41 0 11.6
2.411 0 11.4
2.412 0 11.4
2.413 0 11.6
2.414 0 11.4
2.415 0 11.4
2.416 0.08 11.4
2.417 0 11.4
2.418 0.08 11.4
2.419 0.08 11.6
2.42 0.08 11.6
2.421 0.08 11.6
2.422 0.08 11.4
2.423 0.08 11.6
2.424 0 11.4
2.425 0.08 11.4
2.426 0 11.6
2.427 0 11.4
2.428 0.08 11.6
2.429 0 11.4
2.43 0.08 11.6
2.431 0 11.6
2.432 0 11.6
2.433 0 11.6
2.434 0 11.6
2.435 0.08 11.4
2.436 0.08 11.4
2.437 0 11.4
2.438 0.08 11.6
2.439 0.08 11.6
2.44 0.08 11.4
2.441 0 11.6
2.442 0.08 11.6
2.443 0 11.4
2.444 0 11.6
2.445 0 11.4
2.446 0 11.4
2.447 0.08 11.6
2.448 0 11.6
2.449 0 11.4
2.45 0 11.6
2.451 0 11.6
2.452 0 11.4
2.453 0.08 11.6
2.454 0 11.6
2.455 0 11.6
2.456 0.08 11.6
2.457 0 11.4
2.458 0 11.4
2.459 0 11.4
2.46 0.08 11.6
2.461 0.08 11.4
2.462 0.08 11.4
2.463 0.08 11.4
2.464 0 11.6
2.465 0 11.6
2.466 0.08 11.6
2.467 0 11.4
2.468 0 11.6
2.469 0 11.6
2.47 0 11.6
2.471 0 11.6
2.472 0 11.6
2.473 0 11.4
2.474 0.08 11.6
2.475 0.08 11.4
2.476 0 11.4
2.477 0.08 11.6
2.478 0 11.6
2.479 0 11.6
2.48 0 11.4
2.481 0 11.4
2.482 0 11.4
2.483 0 11.4
2.484 0.08 11.6
2.485 0 11.6
2.486 0 11.4
2.487 0.08 11.4
2.488 0 11.6
2.489 0 11.6
2.49 0.08 11.4
2.491 0 11.6
2.492 0.08 11.6
2.493 0 11.6
2.494 0 11.4
2.495 0 11.4
2.496 0 11.4
2.497 0 11.4
2.498 0 11.6
2.499 0 11.6
2.5 0 11.6
2.501 0.08 11.6
2.502 0.08 11.4
2.503 0 11.4
2.504 0.08 11.4
2.505 0.08 11.4
2.506 0 11.6
2.507 0 11.6
2.508 0 11.6
2.509 0.08 11.6
2.51 0 11.6
2.511 0.08 11.4
2.512 0 11.6
2.513 0 11.6
2.514 0 11.6
2.515 0 11.6
2.516 0 11.4
2.517 0 11.4
2.518 0 11.6
2.519 0.08 11.6
2.52 0.08 11.6
2.521 0 11.6
2.522 0 11.4
2.523 0 11.4
2.524 0 11.4
2.525 0.08 11.6
2.526 0.08 11.6
2.527 0 11.6
2.528 0.08 11.6
2.529 0.08 11.4
2.53 0 11.6
2.531 0.08 11.6
2.532 0 11.6
2.533 0.08 11.6
2.534 0 11.6
2.535 0.08 11.6
2.536 0 11.4
2.537 0.08 11.8
2.538 0 11.4
2.539 0 11.4
2.54 0.08 11.4
2.541 0 11.4
2.542 0 11.6
2.543 0 11.6
2.544 0.08 11.6
2.545 0 11.6
2.546 0 11.6
2.547 0 11.4
2.548 0 11.6
2.549 0 11.6
2.55 0 11.4
2.551 0 11.4
2.552 0 11.4
2.553 0 11.6
2.554 0 11.6
2.555 0 11.6
2.556 0.08 11.6
2.557 0 11.6
2.558 0 11.4
2.559 0 11.4
2.56 0.08 11.4
2.561 0 11.6
2.562 0 11.6
2.563 0.08 11.4
2.564 0.08 11.6
2.565 0.08 11.6
2.566 0.08 11.6
2.567 0 11.4
2.568 0 11.6
2.569 0 11.4
2.57 0 11.6
2.571 0 11.6
2.572 0 11.6
2.573 0 11.6
2.574 0 11.4
2.575 0.08 11.6
2.576 0 11.6
2.577 0 11.6
2.578 0 11.6
2.579 0 11.6
2.58 0 11.6
2.581 0 11.6
2.582 0 11.4
2.583 0 11.4
2.584 0 11.6
2.585 0 11.6
2.586 0 11.6
2.587 0 11.4
2.588 0 11.6
2.589 0 11.6
2.59 0 11.4
2.591 0 11.4
2.592 0 11.4
2.593 0 11.4
2.594 0 11.4
2.595 0 11.4
2.596 0.08 11.4
2.597 0.08 11.6
2.598 0.08 11.4
2.599 0 11.6
2.6 0 11.6
2.601 0 11.6
2.602 0 11.6
2.603 0.08 11.4
2.604 0.08 11.6
2.605 0 11.4
2.606 0 11.4
2.607 0 11.4
2.608 0.08 11.6
2.609 0 11.6
2.61 0 11.4
2.611 0 11.6
2.612 0.08 11.4
2.613 0 11.6
2.614 0 11.6
2.615 0.08 11.4
2.616 0 11.4
2.617 0.08 11.6
2.618 0.08 11.4
2.619 0 11.6
2.62 0 11.6
2.621 0.08 11.6
2.622 0 11.6
2.623 0 11.6
2.624 0.08 11.6
2.625 0 11.4
2.626 0 11.4
2.627 0 11.4
2.628 0 11.4
2.629 0.08 11.4
2.63 0.08 11.4
2.631 0 11.4
2.632 0.08 11.4
2.633 0.08 11.6
2.634 0 11.4
2.635 0.08 11.4
2.636 0 11.6
2.637 0 11.4
2.638 0 11.4
2.639 0 11.4
2.64 0 11.4
2.641 0 11.6
2.642 0.08 11.4
2.643 0.08 11.4
2.644 0 11.6
2.645 0 11.6
2.646 0 11.6
2.647 0 11.4
2.648 0 11.4
2.649 0 11.6
2.65 0 11.6
2.651 0.08 11.4
2.652 0 11.6
2.653 0.08 11.6
2.654 0.08 11.6
2.655 0 11.6
2.656 0 11.4
2.657 0 11.6
2.658 0 11.4
2.659 0.08 11.4
2.66 0.08 11.6
2.661 0.08 11.6
2.662 0 11.4
2.663 0 11.4
2.664 0 11.4
2.665 0 11.6
2.666 0.08 11.6
2.667 0 11.4
2.668 0.08 11.4
2.669 0 11.6
2.67 0 11.6
2.671 0.08 11.4
2.672 0 11.6
2.673 0 11.6
2.674 0 11.6
2.675 0 11.6
2.676 0.08 11.4
2.677 0.08 11.4
2.678 0.08 11.4
2.679 0 11.4
2.68 0 11.6
2.681 0.08 11.6
2.682 0.08 11.6
2.683 0 11.6
2.684 0.08 11.6
2.685 0 11.4
2.686 0 11.4
2.687 0 11.4
2.688 0.08 11.6
2.689 0.08 11.4
2.69 0 11.4
2.691 0 11.6
2.692 0 11.4
2.693 0 11.6
2.694 0 11.6
2.695 0 11.6
2.696 0 11.6
2.697 0.08 11.4
2.698 0.08 11.6
2.699 0.08 11.4
2.7 0 11.4
2.701 0 11.6
2.702 0.08 11.6
2.703 0 11.4
2.704 0 11.6
2.705 0.08 11.6
2.706 0 11.4
2.707 0.08 11.6
2.708 0.08 11.4
2.709 0.08 11.6
2.71 0 11.4
2.711 0 11.4
2.712 0 11.6
2.713 0 11.6
2.714 0.08 11.4
2.715 0.08 11.4
2.716 0.08 11.6
2.717 0.08 11.4
2.718 0.08 11.6
2.719 0 11.6
2.72 0 11.4
2.721 0 11.6
2.722 0 11.4
2.723 0 11.4
2.724 0 11.6
2.725 0 11.6
2.726 0 11.4
2.727 0 11.6
2.728 0 11.4
2.729 0 11.6
2.73 0 11.4
2.731 0 11.4
2.732 0 11.6
2.733 0.08 11.4
2.734 0 11.4
2.735 0 11.4
2.736 0 11.6
2.737 0.08 11.6
2.738 0 11.6
2.739 0 11.4
2.74 0 11.6
2.741 0.08 11.6
2.742 0 11.4
2.743 0 11.6
2.744 0 11.4
2.745 0 11.6
2.746 0 11.6
2.747 0.08 11.6
2.748 0 11.4
2.749 0.08 11.6
2.75 0.08 11.4
2.751 0 11.6
2.752 0 11.6
2.753 0.08 11.6
2.754 0 11.6
2.755 0 11.6
2.756 0 11.6
2.757 0.08 11.4
2.758 0.08 11.4
2.759 0 11.4
2.76 0 11.6
2.761 0 11.4
2.762 0 11.6
2.763 0 11.6
2.764 0 11.4
2.765 0.08 11.6
2.766 0.08 11.4
2.767 0 11.4
2.768 0.08 11.6
2.769 0 11.2
2.77 0 11.4
2.771 0 11.6
2.772 0 11.4
2.773 0.08 11.6
2.774 0.08 11.6
2.775 0.08 11.4
2.776 0 11.6
2.777 0 11.6
2.778 0 11.4
2.779 0 11.6
2.78 0.08 11.4
2.781 0.08 11.4
2.782 0 11.4
2.783 0 11.4
2.784 0.08 11.4
2.785 0.08 11.4
2.786 0.08 11.6
2.787 0 11.6
2.788 0 11.6
2.789 0.08 11.6
2.79 0 11.4
2.791 0.08 11.6
2.792 0 11.4
2.793 0 11.6
2.794 0 11.4
2.795 0 11.4
2.796 0.08 11.4
2.797 0 11.4
2.798 0.08 11.4
2.799 0 11.6
2.8 0 11.6
2.801 0 11.6
2.802 0 11.6
2.803 0.08 11.4
2.804 0.08 11.6
2.805 0.08 11.4
2.806 0 11.6
2.807 0.08 11.6
2.808 0 11.6
2.809 0.08 11.4
2.81 0 11.4
2.811 0.08 11.6
2.812 0 11.4
2.813 0.08 11.4
2.814 0 11.4
2.815 0 11.4
2.816 0 11.6
2.817 0.08 11.6
2.818 0.08 11.6
2.819 0 11.4
2.82 0 11.6
2.821 0 11.4
2.822 0.08 11.4
2.823 0 11.6
2.824 0 11.6
2.825 0 11.4
2.826 0 11.4
2.827 0 11.6
2.828 0 11.6
2.829 0 11.4
2.83 0 11.6
2.831 0 11.4
2.832 0 11.6
2.833 0 11.6
2.834 0 11.6
2.835 0 11.4
2.836 0.08 11.4
2.837 0 11.6
2.838 0 11.6
2.839 0.08 11.8
2.84 0 11.6
2.841 0.08 11.6
2.842 0.08 11.4
2.843 0.08 11.6
2.844 0.08 11.6
2.845 0 11.6
2.846 0 11.6
2.847 0.08 11.6
2.848 0 11.6
2.849 0 11.6
2.85 0.08 11.6
2.851 0 11.6
2.852 0 11.8
2.853 0.08 11.6
2.854 0.08 11.8
2.855 0.08 11.8
2.856 0.08 11.8
2.857 0 11.8
2.858 0 11.8
2.859 0 11.8
2.86 0 12
2.861 0 12
2.862 0.08 12.2
2.863 0.08 12.2
2.864 0.08 12.4
2.865 0 12.4
2.866 0 12.2
2.867 0 12.4
2.868 0.08 12.4
2.869 0.08 12.6
2.87 0 12.4
2.871 0 12.6
2.872 0 12.6
2.873 0.08 12.6
2.874 0.08 12.6
2.875 0.08 12.8
2.876 0 12.6
2.877 0.16 13
2.878 2.48 12.8
2.879 5.68 12.8
2.88 7.68 12.8
2.881 8.64 12.8
2.882 8.88 12.6
2.883 8.88 12.8
2.884 8.96 13
2.885 8.96 12.8
2.886 8.96 12.6
2.887 8.88 12.6
2.888 8.96 12.6
2.889 8.96 12.6
2.89 8.96 12.4
2.891 8.88 1.4
2.892 8.96 1.8
2.893 8.8 1.8
2.894 7.76 1.6
2.895 6.32 2
2.896 3.76 1.8
2.897 0.56 1.8
2.898 0.08 1.8
2.899 0.08 1.6
2.9 0.08 1.8
2.901 0.08 1.8
2.902 0.08 1.8
2.903 0.08 2
2.904 0.08 2
2.905 0.08 1.8
2.906 0 2
2.907 0 1.8
2.908 0.08 2
2.909 0.08 2
2.91 0.08 2
2.911 0 2.2
2.912 0.08 2.2
2.913 0.08 2.2
2.914 0.08 2.2
2.915 0.08 2.4
2.916 0.08 13
2.917 0.08 13.2
2.918 0 13
2.919 0 13
2.92 0.72 13
2.921 0 13
2.922 0 13
2.923 0 13.2
2.924 0 13.2
2.925 0 13
2.926 0.08 13
2.927 0 13
2.928 0 12.8
2.929 0 12.8
2.93 0 12.8
2.931 0 13
2.932 0 13
2.933 0.08 12.8
2.934 0.08 13
2.935 0.08 12.8
2.936 0.08 12.6
2.937 0 12.6
2.938 0 12.8
2.939 0 12.6
2.94 0 12.4
2.941 0.08 12.6
2.942 0 12.4
2.943 0 12.4
2.944 0 11.4
2.945 0 11.6
2.946 0.08 11.6
2.947 0.08 11.6
2.948 0 11.6
2.949 0.08 11.6
2.95 0 11.6
2.951 0.08 11.4
2.952 0.08 11.6
2.953 0.08 11.6
2.954 0 11.4
2.955 0 11.4
2.956 0 11.6
2.957 0 11.6
2.958 0 11.6
2.959 0 11.6
2.96 0.08 11.4
2.961 0.08 11.4
2.962 0 11.6
2.963 0.08 11.4
2.964 0.08 11.6
2.965 0.08 11.4
2.966 0 11.6
2.967 0 11.6
2.968 0 11.6
2.969 0.08 11.6
2.97 0.08 11.4
2.971 0.08 11.4
2.972 0 11.4
2.973 0 11.6
2.974 0.08 11.6
2.975 0.08 11.6
2.976 0.08 11.4
2.977 0.08 11.6
2.978 0.08 11.6
2.979 0.08 11.4
2.98 0 11.6
2.981 0 11.6
2.982 0 11.6
2.983 0 11.4
2.984 0 11.4
2.985 0 11.4
2.986 0.08 11.4
2.987 0 11.4
2.988 0 11.6
2.989 0.08 11.6
2.99 0.08 11.6
2.991 0.08 11.6
2.992 0 11.6
2.993 0 11.4
2.994 0.08 11.4
2.995 0.08 11.6
2.996 0.08 11.6
2.997 0 11.6
2.998 0 11.4
2.999 0 11.6
3 0.08 11.6
3.001 0 11.6
3.002 0.08 11.6
3.003 0 11.6
3.004 0.08 11.6
3.005 0 11.6
3.006 0.08 11.6
3.007 0 11.4
3.008 0 11.6
3.009 0.08 11.4
3.01 0.08 11.4
3.011 0 11.6
3.012 0 11.4
3.013 0 11.4
3.014 0.08 11.6
3.015 0.08 11.6
3.016 0 11.4
3.017 0 11.4
3.018 0.08 11.4
3.019 0 11.6
3.02 0 11.6
3.021 0 11.6
3.022 0 11.6
3.023 0 11.6
3.024 0.08 11.4
3.025 0.08 11.4
3.026 0 11.4
3.027 0 11.4
3.028 0.08 11.6
3.029 0 11.4
3.03 0 11.6
3.031 0 11.6
3.032 0 11.4
3.033 0.08 11.4
3.034 0 11.6
3.035 0 11.6
3.036 0 11.4
3.037 0 11.6
3.038 0 11.4
3.039 0 11.6
3.04 0 11.6
3.041 0 11.6
3.042 0 11.6
3.043 0 11.6
3.044 0 11.4
3.045 0 11.6
3.046 0 11.6
3.047 0.08 11.4
3.048 0 11.6
3.049 0.08 11.6
3.05 0 11.6
3.051 0 11.6
3.052 0 11.6
3.053 0 11.6
3.054 0.08 11.6
3.055 0 11.4
3.056 0 11.4
3.057 0 11.6
3.058 0.08 11.6
3.059 0 11.6
3.06 0 11.6
3.061 0 11.6
3.062 0 11.6
3.063 0 11.6
3.064 0 11.4
3.065 0.08 11.4
3.066 0 11.6
3.067 0.08 11.4
3.068 0 11.6
3.069 0.08 11.6
3.07 0 11.6
3.071 0 11.6
3.072 0 11.6
3.073 0 11.4
3.074 0 11.6
3.075 0 11.4
3.076 0 11.4
3.077 0 11.6
3.078 0.08 11.6
3.079 0.08 11.6
3.08 0 11.6
3.081 0 11.6
3.082 0.08 11.4
3.083 0 11.6
3.084 0.08 11.6
3.085 0 11.6
3.086 0 11.4
3.087 0 11.4
3.088 0.08 11.6
3.089 0.08 11.6
3.09 0.08 11.6
3.091 0 11.6
3.092 0.08 11.6
3.093 0 11.6
3.094 0 11.6
3.095 0.08 11.4
3.096 0.08 11.6
3.097 0.08 11.6
3.098 0 11.6
3.099 0 11.6
3.1 0 11.6
3.101 0 11.6
3.102 0 11.6
3.103 0 11.6
3.104 0 11.6
3.105 0 11.6
3.106 0.08 11.6
3.107 0 11.6
3.108 0.08 11.6
3.109 0 11.4
3.11 0.08 11.4
3.111 0.08 11.6
3.112 0.08 11.4
3.113 0 11.4
3.114 0 11.6
3.115 0.08 11.4
3.116 0.08 11.6
3.117 0 11.6
3.118 0 11.4
3.119 0.08 11.6
3.12 0 11.6
3.121 0 11.4
3.122 0 11.6
3.123 0 11.6
3.124 0 11.6
3.125 0 11.6
3.126 0.08 11.6
3.127 0 11.6
3.128 0 11.4
3.129 0 11.6
3.13 0 11.6
3.131 0 11.6
3.132 0 11.6
3.133 0 11.4
3.134 0 11.4
3.135 0 11.6
3.136 0 11.4
3.137 0 11.4
3.138 0.08 11.6
3.139 0.08 11.6
3.14 0.08 11.6
3.141 0 11.4
3.142 0 11.6
3.143 0 11.6
3.144 0.08 11.6
3.145 0 11.6
3.146 0 11.6
3.147 0.08 11.6
3.148 0 11.6
3.149 0 11.6
3.15 0 11.6
3.151 0 11.6
3.152 0 11.4
3.153 0 11.6
3.154 0 11.6
3.155 0 11.4
3.156 0.08 11.6
3.157 0 11.6
3.158 0.08 11.4
3.159 0.08 11.6
3.16 0 11.4
3.161 0 11.6
3.162 0.08 11.6
3.163 0 11.6
3.164 0 11.6
3.165 0 11.6
3.166 0.08 11.4
3.167 0 11.4
3.168 0 11.6
3.169 0 11.4
3.17 0.08 11.6
3.171 0 11.6
3.172 0 11.4
3.173 0 11.6
3.174 0 11.6
3.175 0 11.4
3.176 0.08 11.4
3.177 0 11.4
3.178 0.08 11.6
3.179 0 11.6
3.18 0 11.6
3.181 0 11.4
3.182 0 11.6
3.183 0 11.6
3.184 0 11.6
3.185 0 11.4
3.186 0 11.4
3.187 0 11.6
3.188 0.08 11.6
3.189 0 11.4
3.19 0 11.4
3.191 0 11.6
3.192 0 11.4
3.193 0 11.4
3.194 0 11.6
3.195 0 11.6
3.196 0.08 11.6
3.197 0.08 11.6
3.198 0 11.6
3.199 0 11.6
3.2 0.08 11.4
3.201 0 11.6
3.202 0 11.6
3.203 0 11.6
3.204 0.08 11.6
3.205 0.08 11.6
3.206 0.08 11.4
3.207 0 11.6
3.208 0.08 11.6
3.209 0 11.6
3.21 0 11.6
3.211 0.08 11.6
3.212 0.08 11.4
3.213 0 11.6
3.214 0.08 11.6
3.215 0.08 11.4
3.216 0 11.6
3.217 0.08 11.6
3.218 0.08 11.6
3.219 0 11.6
3.22 0.08 11.6
3.221 0.08 11.6
3.222 0.08 11.6
3.223 0.08 11.4
3.224 0.08 11.6
3.225 0 11.4
3.226 0 11.4
3.227 0 11.4
3.228 0 11.4
3.229 0.08 11.6
3.23 0.08 11.4
3.231 0.08 11.4
3.232 0 11.6
3.233 0.08 11.6
3.234 0 11.6
3.235 0 11.6
3.236 0 11.6
3.237 0.08 11.6
3.238 0 11.4
3.239 0 11.6
3.24 0 11.6
3.241 0.08 11.6
3.242 0 11.6
3.243 0 11.6
3.244 0 11.8
3.245 0 11.6
3.246 0 11.6
3.247 0 11.6
3.248 0.08 11.6
3.249 0 11.4
3.25 0 11.6
3.251 0 11.6
3.252 0.08 11.4
3.253 0 11.6
3.254 0 11.6
3.255 0.08 11.6
3.256 0 11.6
3.257 0.08 11.6
3.258 0.08 11.4
3.259 0 11.4
3.26 0 11.4
3.261 0 11.6
3.262 0 11.4
3.263 0 11.6
3.264 0 11.6
3.265 0 11.6
3.266 0 11.6
3.267 0.08 11.6
3.268 0 11.6
3.269 0 11.4
3.27 0.08 11.4
3.271 0.08 11.4
3.272 0 11.6
3.273 0 11.4
3.274 0 11.6
3.275 0.08 11.6
3.276 0.08 11.6
3.277 0 11.6
3.278 0 11.4
3.279 0.08 11.4
3.28 0.08 11.4
3.281 0 11.6
3.282 0 11.6
3.283 0.08 11.4
3.284 0.08 11.6
3.285 0 11.4
3.286 0 11.6
3.287 0.08 11.6
3.288 0.08 11.6
3.289 0 11.4
3.29 0 11.6
3.291 0 11.6
3.292 0.08 11.6
3.293 0 11.6
3.294 0 11.6
3.295 0 11.4
3.296 0 11.6
3.297 0 11.6
3.298 0.08 11.6
3.299 0.08 11.6
3.3 0.08 11.4
3.301 0 11.4
3.302 0 11.6
3.303 0 11.6
3.304 0.08 11.4
3.305 0 11.6
3.306 0 11.6
3.307 0 11.6
3.308 0 11.6
3.309 0 11.6
3.31 0.08 11.4
3.311 0 11.4
3.312 0.08 11.4
3.313 0.08 11.6
3.314 0 11.6
3.315 0 11.6
3.316 0.08 11.6
3.317 0 11.4
3.318 0 11.4
3.319 0.08 11.6
3.32 0 11.6
3.321 0.08 11.6
3.322 0 11.6
3.323 0 11.4
3.324 0 11.6
3.325 0.08 11.6
3.326 0 11.4
3.327 0.08 11.4
3.328 0 11.6
3.329 0 11.4
3.33 0.08 11.6
3.331 0 11.4
3.332 0 11.6
3.333 0.08 11.4
3.334 0 11.6
3.335 0 11.4
3.336 0.08 11.6
3.337 0 11.6
3.338 0 11.4
3.339 0 11.6
3.34 0 11.6
3.341 0.08 11.6
3.342 0 11.4
3.343 0 11.4
3.344 0 11.6
3.345 0 11.4
3.346 0.08 11.4
3.347 0 11.4
3.348 0.08 11.6
3.349 0 11.4
3.35 0 11.6
3.351 0 11.6
3.352 0 11.6
3.353 0 11.4
3.354 0 11.6
3.355 0.08 11.6
3.356 0 11.6
3.357 0 11.6
3.358 0.08 11.6
3.359 0.08 11.4
3.36 0 11.6
3.361 0.08 11.6
3.362 0 11.6
3.363 0 11.6
3.364 0 11.6
3.365 0 11.6
3.366 0 11.4
3.367 0 11.6
3.368 0 11.6
3.369 0.08 11.4
3.37 0 11.6
3.371 0 11.6
3.372 0 11.4
3.373 0.08 11.6
3.374 0 11.6
3.375 0.08 11.4
3.376 0 11.6
3.377 0 11.4
3.378 0 11.4
3.379 0.08 11.6
3.38 0 11.6
3.381 0 11.6
3.382 0 11.6
3.383 0.08 11.6
3.384 0.08 11.4
3.385 0 11.6
3.386 0 11.6
3.387 0.08 11.4
3.388 0 11.6
3.389 0.08 11.6
3.39 0 11.6
3.391 0 11.6
3.392 0.08 11.6
3.393 0 11.6
3.394 0.08 11.4
3.395 0 11.4
3.396 0 11.4
3.397 0 11.6
3.398 0 11.6
3.399 0 11.6
3.4 0.08 11.6
3.401 0.08 11.6
3.402 0 11.6
3.403 0.08 11.6
3.404 0 11.6
3.405 0 11.6
3.406 0.08 11.6
3.407 0 11.6
3.408 0 11.6
3.409 0 11.6
3.41 0.08 11.4
3.411 0 11.8
3.412 0 11.6
3.413 0.08 11.6
3.414 0 11.8
3.415 0.08 11.8
3.416 0.08 11.8
3.417 0 11.6
3.418 0 12
3.419 0 12
3.42 0 12
3.421 0 12
3.422 0 12
3.423 0.08 12.2
3.424 0 12.2
3.425 0 12.2
3.426 0 12.4
3.427 0 12.4
3.428 0 12.4
3.429 0.08 12.6
3.43 0 12.6
3.431 0 12.4
3.432 0.08 12.6
3.433 0.08 12.6
3.434 0.08 12.6
3.435 0.08 12.8
3.436 0.72 12.6
3.437 4.08 13
3.438 6.72 13
3.439 8.16 13
3.44 8.8 13
3.441 8.8 13
3.442 8.8 13
3.443 8.88 12.8
3.444 8.88 12.8
3.445 8.88 12.6
3.446 8.88 13
3.447 8.88 12.8
3.448 8.88 12.8
3.449 8.88 12.6
3.45 8.88 12.6
3.451 8.88 12.4
3.452 8.48 1.6
3.453 7.28 1.6
3.454 5.28 1.6
3.455 2.16 1.8
3.456 0.16 1.8
3.457 0.08 1.8
3.458 0.08 1.8
3.459 0.08 2
3.46 0.16 1.6
3.461 0.08 1.6
3.462 0.08 1.8
3.463 0 1.8
3.464 0.08 2
3.465 0 2
3.466 0 2
3.467 0 2.2
3.468 0 2
3.469 0 2
3.47 0.08 2
3.471 0.16 2
3.472 0.08 2
3.473 0.08 11.6
3.474 0.08 11.6
3.475 0.08 11.4
3.476 0 11.6
3.477 0.08 11.6
3.478 0.08 11.6
3.479 0 11.6
3.48 0 11.6
3.481 0 11.6
3.482 0 11.6
3.483 0 11.6
3.484 0.08 11.6
3.485 0 11.6
3.486 0 11.6
3.487 0.08 11.6
3.488 0 11.6
3.489 0 11.4
3.49 0 11.6
3.491 0 11.8
3.492 0 11.4
3.493 0 11.6
3.494 0 11.8
3.495 0 11.6
3.496 0.08 11.6
3.497 0 11.6
3.498 0 11.6
3.499 0 11.6
3.5 0 11.6
3.501 0 11.8
3.502 0 11.8
3.503 0.08 11.8
3.504 0 12
3.505 0 12
3.506 0 12
3.507 0 12.2
3.508 0 12.2
3.509 0 12.4
3.51 0.08 12.2
3.511 0.08 12.4
3.512 0.08 12.4
3.513 0.08 12.6
3.514 0 12.4
3.515 0 12.6
3.516 0 12.6
3.517 0 12.6
3.518 0 12.6
3.519 0 12.8
3.52 0 12.6
3.521 1.12 12.6
3.522 1.12 12.6
3.523 4.4 12.6
3.524 7.04 12.6
3.525 8.32 13
3.526 8.88 13
3.527 8.88 13
3.528 8.88 12.8
3.529 8.88 12.6
3.53 8.88 12.8
3.531 8.96 12.6
3.532 8.96 12.6
3.533 8.96 12.6
3.534 8.96 12.4
3.535 8.96 1.4
3.536 8.96 1.6
3.537 8.88 1.8
3.538 8.16 1.8
3.539 6.96 1.8
3.54 4.88 1.8
3.541 1.68 1.8
3.542 0.08 1.8
3.543 0.08 1.8
3.544 0.16 1.6
3.545 0.08 2
3.546 0.08 1.8
3.547 0.08 1.8
3.548 0.08 2
3.549 0.08 2
3.55 0 2
3.551 0.08 2
3.552 0.08 2
3.553 0.08 2
3.554 0 2
3.555 0 2
3.556 0.08 2.2
3.557 0.08 2.2
3.558 0.08 2.2
3.559 0.08 2.2
3.56 0.08 13.2
3.561 0.08 13.2
3.562 0 13
3.563 0.08 13.2
3.564 0.08 13
3.565 0 13
3.566 0 13.2
3.567 0.08 13
3.568 0.08 13.2
3.569 0 13
3.57 0.08 13
3.571 0.08 13.2
3.572 0.08 13
3.573 0.08 13
3.574 0.08 13
3.575 0 13
3.576 0 13
3.577 0 12.8
3.578 0 12.8
3.579 0 13
3.58 0 12.8
3.581 0.08 12.8
3.582 0.08 12.6
3.583 0 12.6
3.584 0 12.6
3.585 0.08 12.4
3.586 0.08 12.4
3.587 0 12.4
3.588 0 12.2
3.589 0 11.6
3.59 0.08 11.6
3.591 0.08 11.4
3.592 0 11.4
3.593 0 11.6
3.594 0.08 11.6
3.595 0 11.6
3.596 0.08 11.4
3.597 0.08 11.6
3.598 0 11.4
3.599 0 11.6
3.6 0 11.6
3.601 0.08 11.6
3.602 0 11.6
3.603 0 11.6
3.604 0 11.6
3.605 0.08 11.4
3.606 0.08 11.4
3.607 0.08 11.6
3.608 0 11.6
3.609 0.08 11.4
3.61 0.08 11.6
3.611 0 11.6
3.612 0 11.6
3.613 0.08 11.6
3.614 0 11.6
3.615 0 11.4
3.616 0 11.6
3.617 0 11.4
3.618 0.08 11.6
3.619 0 11.4
3.62 0.08 11.8
3.621 0.08 11.6
3.622 0 11.4
3.623 0 11.4
3.624 0 11.4
3.625 0.08 11.6
3.626 0 11.6
3.627 0 11.6
3.628 0 11.6
3.629 0 11.6
3.63 0 11.6
3.631 0.08 11.4
3.632 0 11.4
3.633 0.08 11.6
3.634 0 11.6
3.635 0.08 11.6
3.636 0 11.4
3.637 0.08 11.6
3.638 0.08 11.6
3.639 0.08 11.6
3.64 0 11.6
3.641 0 11.6
3.642 0 11.6
3.643 0 11.6
3.644 0 11.6
3.645 0 11.6
3.646 0.08 11.6
3.647 0 11.6
3.648 0 11.6
3.649 0.08 11.4
3.65 0 11.6
3.651 0 11.4
3.652 0.08 11.6
3.653 0 11.6
3.654 0.08 11.6
3.655 0 11.4
3.656 0 11.6
3.657 0.08 11.6
3.658 0.08 11.6
3.659 0 11.6
3.66 0 11.6
3.661 0 11.6
3.662 0 11.4
3.663 0 11.6
3.664 0.08 11.6
3.665 0.08 11.6
3.666 0.08 11.6
3.667 0 11.4
3.668 0 11.6
3.669 0 11.6
3.67 0.08 11.4
3.671 0 11.6
3.672 0 11.4
3.673 0 11.6
3.674 0 11.6
3.675 0.08 11.4
3.676 0 11.6
3.677 0 11.4
3.678 0 11.6
3.679 0 11.6
3.68 0 11.6
3.681 0.08 11.4
3.682 0 11.6
3.683 0 11.6
3.684 0.08 11.6
3.685 0 11.6
3.686 0 11.4
3.687 0.08 11.6
3.688 0 11.4
3.689 0 11.6
3.69 0.08 11.6
3.691 0.08 11.4
3.692 0.08 11.4
3.693 0 11.4
3.694 0 11.4
3.695 0 11.6
3.696 0.08 11.4
3.697 0 11.6
3.698 0 11.6
3.699 0.08 11.6
3.7 0.08 11.6
3.701 0 11.4
3.702 0 11.4
3.703 0.08 11.6
3.704 0 11.6
3.705 0.08 11.6
3.706 0.08 11.6
3.707 0 11.6
3.708 0 11.6
3.709 0 11.4
3.71 0.08 11.6
3.711 0 11.4
3.712 0.08 11.6
3.713 0 11.4
3.714 0.08 11.4
3.715 0 11.6
3.716 0.08 11.6
3.717 0.08 11.6
3.718 0 11.4
3.719 0 11.6
3.72 0 11.6
3.721 0.08 11.6
3.722 0 11.4
3.723 0 11.6
3.724 0 11.4
3.725 0 11.6
3.726 0 11.4
3.727 0 11.6
3.728 0.08 11.4
3.729 0 11.6
3.73 0 11.6
3.731 0 11.6
3.732 0 11.4
3.733 0 11.4
3.734 0.08 11.4
3.735 0 11.4
3.736 0 11.6
3.737 0 11.4
3.738 0 11.6
3.739 0.08 11.4
3.74 0 11.6
3.741 0 11.4
3.742 0 11.6
3.743 0.08 11.6
3.744 0 11.6
3.745 0.08 11.4
3.746 0.08 11.6
3.747 0 11.6
3.748 0 11.6
3.749 0 11.6
3.75 0 11.4
3.751 0.08 11.6
3.752 0 11.6
3.753 0 11.6
3.754 0 11.4
3.755 0 11.4
3.756 0 11.6
3.757 0.08 11.6
3.758 0.08 11.4
3.759 0.08 11.4
3.76 0.08 11.6
3.761 0 11.6
3.762 0 11.6
3.763 0 11.6
3.764 0 11.6
3.765 0 11.6
3.766 0 11.6
3.767 0 11.4
3.768 0 11.6
3.769 0 11.6
3.77 0 11.6
3.771 0 11.4
3.772 0 11.4
3.773 0.08 11.4
3.774 0.08 11.6
3.775 0.08 11.6
3.776 0 11.6
3.777 0.08 11.6
3.778 0 11.6
3.779 0.08 11.4
3.78 0 11.6
3.781 0.08 11.4
3.782 0 11.6
3.783 0.08 11.6
3.784 0 11.4
3.785 0.08 11.6
3.786 0 11.4
3.787 0 11.6
3.788 0.08 11.4
3.789 0.08 11.6
3.79 0 11.4
3.791 0 11.6
3.792 0 11.6
3.793 0.08 11.6
3.794 0 11.6
3.795 0 11.4
3.796 0 11.6
3.797 0 11.6
3.798 0 11.6
3.799 0.08 11.4
3.8 0 11.6
3.801 0.08 11.6
3.802 0.08 11.6
3.803 0.08 11.4
3.804 0.08 11.4
3.805 0 11.6
3.806 0 11.6
3.807 0 11.6
3.808 0 11.6
3.809 0.08 11.6
3.81 0 11.6
3.811 0.08 11.6
3.812 0 11.4
3.813 0 11.4
3.814 0 11.6
3.815 0 11.6
3.816 0 11.6
3.817 0 11.6
3.818 0.08 11.4
3.819 0.08 11.6
3.82 0 11.4
3.821 0.08 11.6
3.822 0 11.4
3.823 0.08 11.4
3.824 0 11.6
3.825 0.08 11.6
3.826 0 11.4
3.827 0.08 11.4
3.828 0 11.6
3.829 0.08 11.4
3.83 0 11.4
3.831 0 11.4
3.832 0 11.6
3.833 0.08 11.6
3.834 0.08 11.6
3.835 0 11.6
3.836 0 11.6
3.837 0 11.6
3.838 0 11.6
3.839 0 11.6
3.84 0 11.4
3.841 0 11.4
3.842 0 11.6
3.843 0.08 11.6
3.844 0.08 11.6
3.845 0 11.6
3.846 0.08 11.6
3.847 0 11.4
3.848 0 11.6
3.849 0.08 11.6
3.85 0 11.6
3.851 0 11.4
3.852 0 11.6
3.853 0 11.4
3.854 0.08 11.4
3.855 0 11.6
3.856 0 11.6
3.857 0 11.6
3.858 0 11.4
3.859 0 11.6
3.86 0.08 11.6
3.861 0 11.4
3.862 0 11.4
3.863 0 11.6
3.864 0 11.6
3.865 0.08 11.4
3.866 0.08 11.4
3.867 0 11.4
3.868 0 11.6
3.869 0.08 11.4
3.87 0 11.4
3.871 0 11.6
3.872 0.08 11.4
3.873 0 11.4
3.874 0.08 11.4
3.875 0 11.6
3.876 0 11.6
3.877 0 11.6
3.878 0.08 11.8
3.879 0 11.6
3.88 0.08 11.6
3.881 0 11.4
3.882 0 11.6
3.883 0 11.6
3.884 0.08 11.6
3.885 0 11.6
3.886 0.08 11.6
3.887 0 11.6
3.888 0.08 11.6
3.889 0.08 11.6
3.89 0 11.6
3.891 0 11.4
3.892 0 11.6
3.893 0 11.4
3.894 0.08 11.4
3.895 0 11.6
3.896 0 11.4
3.897 0 11.6
3.898 0.08 11.6
3.899 0.08 11.6
3.9 0.08 11.6
3.901 0.08 11.6
3.902 0 11.6
3.903 0 11.4
3.904 0 11.6
3.905 0 11.6
3.906 0.08 11.6
3.907 0.08 11.6
3.908 0 11.4
3.909 0.08 11.4
3.91 0 11.6
3.911 0.08 11.4
3.912 0 11.4
3.913 0.08 11.4
3.914 0 11.6
3.915 0 11.6
3.916 0 11.4
3.917 0 11.4
3.918 0 11.6
3.919 0.08 11.6
3.92 0.08 11.6
3.921 0 11.6
3.922 0 11.6
3.923 0 11.4
3.924 0 11.4
3.925 0 11.6
3.926 0 11.6
3.927 0.08 11.6
3.928 0 11.6
3.929 0 11.4
3.93 0 11.4
3.931 0.08 11.4
3.932 0 11.6
3.933 0 11.6
3.934 0 11.6
3.935 0 11.6
3.936 0.08 11.6
3.937 0 11.4
3.938 0 11.6
3.939 0.08 11.4
3.94 0 11.6
3.941 0 11.4
3.942 0 11.6
3.943 0 11.6
3.944 0.08 11.4
3.945 0.08 11.6
3.946 0.08 11.4
3.947 0 11.6
3.948 0 11.4
3.949 0.08 11.4
3.95 0 11.4
3.951 0 11.6
3.952 0.08 11.4
3.953 0 11.6
3.954 0.08 11.4
3.955 0.08 11.6
3.956 0 11.6
3.957 0 11.6
3.958 0 11.6
3.959 0.08 11.6
3.96 0.08 11.6
3.961 0 11.4
3.962 0 11.6
3.963 0 11.4
3.964 0 11.6
3.965 0 11.6
3.966 0 11.4
3.967 0 11.4
3.968 0.08 11.4
3.969 0 11.4
3.97 0.08 11.4
3.971 0.08 11.6
3.972 0 11.4
3.973 0 11.4
3.974 0 11.6
3.975 0 11.4
3.976 0.08 11.6
3.977 0.08 11.6
3.978 0 11.4
3.979 0.08 11.6
3.98 0.08 11.6
3.981 0 11.6
3.982 0 11.6
3.983 0.08 11.6
3.984 0 11.4
3.985 0.08 11.4
3.986 0 11.6
3.987 0 11.4
3.988 0 11.6
3.989 0 11.6
3.99 0.08 11.4
3.991 0.08 11.4
3.992 0 11.4
3.993 0.08 11.4
3.994 0.08 11.4
3.995 0.08 11.4
3.996 0.08 11.4
3.997 0 11.6
3.998 0 11.4
3.999 0 11.4
