0 3 11.8
4e-05 3 11.8
8e-05 3.2 12
0.00012 3.2 12
0.00016 3.2 11.8
0.0002 3.2 12.2
0.00024 3.2 11.8
0.00028 3.2 12
0.00032 3.2 12
0.00036 3.2 12
0.0004 3.2 12
0.00044 3.2 12
0.00048 3.2 12
0.00052 3.2 12
0.00056 3.2 12
0.0006 3.2 11.8
0.00064 3.2 12
0.00068 3.2 12
0.00072 3.2 12
0.00076 3.2 11.8
0.0008 3.2 12
0.00084 3.2 12.2
0.00088 3.2 12
0.00092 3.2 12
0.00096 3.2 12.2
0.001 3.2 11.8
0.00104 3.2 12
0.00108 3.2 12
0.00112 3.2 12
0.00116 3.2 11.8
0.0012 3.2 12
0.00124 3.2 12
0.00128 3.2 11.8
0.00132 3.2 12
0.00136 3.2 12
0.0014 3 12
0.00144 3.2 12
0.00148 3.2 12
0.00152 3.2 12
0.00156 3.2 12
0.0016 3.2 12.2
0.00164 3.2 12
0.00168 3.2 12
0.00172 3.2 12
0.00176 3.2 12
0.0018 3.2 12
0.00184 3.2 11.8
0.00188 3.2 12
0.00192 3.2 12
0.00196 3.2 12
0.002 3.2 12
0.00204 3.2 12.2
0.00208 3.2 12
0.00212 3.2 12
0.00216 3.2 12
0.0022 3.2 12
0.00224 3.2 11.8
0.00228 3.2 11.8
0.00232 3.2 12
0.00236 3.2 12
0.0024 3 12
0.00244 3.2 12
0.00248 3.2 12
0.00252 3.2 12
0.00256 3.2 12
0.0026 3 12
0.00264 3.2 12
0.00268 3.2 11.8
0.00272 3.2 12
0.00276 3.2 12
0.0028 3 11.8
0.00284 3.2 12
0.00288 3.2 11.8
0.00292 3 12
0.00296 3 12
0.003 3 12
0.00304 3.2 12
0.00308 3.2 12
0.00312 3.2 12
0.00316 3.2 12
0.0032 3.2 12
0.00324 3.2 12
0.00328 3.2 11.8
0.00332 3.2 12
0.00336 3.2 12
0.0034 3.2 12
0.00344 3.2 11.8
0.00348 3.2 12
0.00352 3.2 12
0.00356 3.2 11.8
0.0036 3.2 12
0.00364 3.2 12
0.00368 3.2 12
0.00372 3 12
0.00376 3.2 12
0.0038 3.2 12
0.00384 3.2 11.8
0.00388 3.2 12
0.00392 3.2 12
0.00396 3.2 12
0.004 3.2 12
0.00404 3.2 11.8
0.00408 3.2 11.8
0.00412 3.2 12
0.00416 3.2 12
0.0042 3.2 11.8
0.00424 3.2 12
0.00428 3.2 12
0.00432 3 11.8
0.00436 3 12
0.0044 3 12
0.00444 3.2 12
0.00448 3.2 11.8
0.00452 3.2 12
0.00456 3.2 11.8
0.0046 3.2 12
0.00464 3.2 12
0.00468 3.2 11.8
0.00472 3.2 12
0.00476 3.2 12
0.0048 3.2 11.8
0.00484 3.2 12
0.00488 3.2 11.8
0.00492 3 11.8
0.00496 3.2 12
0.005 3.2 12
0.00504 3.2 12
0.00508 3.2 11.8
0.00512 3.2 11.8
0.00516 3 12
0.0052 3.2 11.8
0.00524 3.2 11.8
0.00528 3 12
0.00532 3.2 11.8
0.00536 3.2 12
0.0054 3.2 12
0.00544 3 11.8
0.00548 3.2 12
0.00552 3 12
0.00556 3.2 12
0.0056 3.2 12
0.00564 3 12
0.00568 3.2 12
0.00572 3.2 11.8
0.00576 3.2 12
0.0058 3.2 12
0.00584 3.2 11.8
0.00588 3.2 12
0.00592 3.2 12
0.00596 3.2 11.8
0.006 3 12
0.00604 3.2 12
0.00608 3.2 12
0.00612 3.2 11.8
0.00616 3.2 12
0.0062 3.2 12
0.00624 3.2 11.8
0.00628 3 12
0.00632 3.2 11.8
0.00636 3.2 11.8
0.0064 3.2 12
0.00644 3.2 12
0.00648 3.2 11.8
0.00652 3.2 12.2
0.00656 3.2 12
0.0066 3.2 12
0.00664 3.2 12
0.00668 3.2 12
0.00672 3.2 11.8
0.00676 3.2 12
0.0068 3.2 12
0.00684 3.2 11.8
0.00688 3.2 12
0.00692 3.2 12
0.00696 3.2 12
0.007 3.2 12
0.00704 3 12
0.00708 3.2 12
0.00712 3 11.8
0.00716 3.4 11.8
0.0072 3.2 12
0.00724 3 11.8
0.00728 3.2 12
0.00732 3 12
0.00736 3.2 12
0.0074 3.2 12
0.00744 3.2 12
0.00748 3.2 12
0.00752 3.2 12
0.00756 3.2 11.8
0.0076 3.2 12
0.00764 3.2 12
0.00768 3.2 12
0.00772 3.2 12
0.00776 3 12
0.0078 3 12
0.00784 3.2 12
0.00788 3.2 12
0.00792 3.2 12
0.00796 3.2 11.8
0.008 3.2 12
0.00804 3.2 12
0.00808 3.2 12
0.00812 3.2 11.8
0.00816 3 12
0.0082 3.2 12
0.00824 3.2 12
0.00828 3.2 11.8
0.00832 3.2 12
0.00836 3.2 12
0.0084 3.2 12
0.00844 3 12
0.00848 3 11.8
0.00852 3.2 12
0.00856 3 12
0.0086 3.2 12
0.00864 3 12
0.00868 3.2 12
0.00872 3.2 12
0.00876 3.2 12
0.0088 3 12
0.00884 3.2 12
0.00888 3 11.8
0.00892 3.2 12
0.00896 3.2 11.8
0.009 3.2 11.8
0.00904 3.2 12
0.00908 3 12
0.00912 3.2 12
0.00916 3.2 12
0.0092 3.2 12
0.00924 3.2 11.8
0.00928 3.2 12
0.00932 3.2 12
0.00936 3.2 12
0.0094 3.2 12
0.00944 3.2 12
0.00948 3.2 12
0.00952 3.2 12
0.00956 3.2 12
0.0096 3.2 12
0.00964 3.2 11.8
0.00968 3.2 12
0.00972 3.2 12
0.00976 3.2 11.8
0.0098 3.2 12
0.00984 3.2 12
0.00988 3.2 12
0.00992 3.2 12
0.00996 3.2 12
0.01 3 12
0.01004 3.2 12
0.01008 3.2 12
0.01012 3.2 12
0.01016 3.2 12
0.0102 3.2 12
0.01024 3.2 12
0.01028 3.2 11.8
0.01032 3.2 12
0.01036 3.2 12
0.0104 3.2 11.8
0.01044 3.2 12
0.01048 3.2 12
0.01052 3.2 12
0.01056 3.2 12
0.0106 3.2 12
0.01064 3.2 12
0.01068 3.2 11.8
0.01072 3.2 12
0.01076 3 11.8
0.0108 3.2 11.8
0.01084 3.2 12
0.01088 3.2 11.8
0.01092 3.2 11.8
0.01096 3.2 12
0.011 3.2 12
0.01104 3 12
0.01108 3.2 12
0.01112 3.2 12
0.01116 3.2 12
0.0112 3.2 12
0.01124 3.2 12
0.01128 3.2 11.8
0.01132 3.2 12
0.01136 3 12
0.0114 3.2 12
0.01144 3 12
0.01148 3.2 11.8
0.01152 3 11.8
0.01156 3 12
0.0116 3.2 12
0.01164 3 12
0.01168 3.2 12
0.01172 3 12
0.01176 3.2 11.8
0.0118 3.2 11.8
0.01184 3.2 12
0.01188 3.2 12
0.01192 3 11.8
0.01196 3.2 12
0.012 3.2 11.8
0.01204 3.2 12
0.01208 3.2 12
0.01212 3.2 12
0.01216 3.2 12.2
0.0122 3.2 12
0.01224 3.2 12
0.01228 3.2 12
0.01232 3.2 12
0.01236 3.2 12
0.0124 3.2 12
0.01244 3.2 12
0.01248 3.2 12
0.01252 3.2 12
0.01256 3.2 11.8
0.0126 3.2 12
0.01264 3.2 12
0.01268 3.2 11.8
0.01272 3 12
0.01276 3.2 11.8
0.0128 3.4 12
0.01284 3 12
0.01288 3.2 12
0.01292 3 12
0.01296 3.2 11.8
0.013 3.2 12
0.01304 3 12
0.01308 3.2 12
0.01312 3.2 11.8
0.01316 3.2 12
0.0132 3.2 12
0.01324 3.2 12
0.01328 3.2 12
0.01332 3 12
0.01336 3.2 12
0.0134 3.2 12
0.01344 3 11.8
0.01348 3.2 12
0.01352 3.2 12
0.01356 3 12
0.0136 3.2 12
0.01364 3.2 11.8
0.01368 3.2 11.8
0.01372 3.2 11.8
0.01376 3 12
0.0138 3 12
0.01384 3.2 12
0.01388 3.2 11.8
0.01392 3.2 12
0.01396 3.2 12
0.014 3.2 11.8
0.01404 3.2 12
0.01408 3.2 12
0.01412 3.2 12
0.01416 3.2 11.8
0.0142 3 12
0.01424 3.2 12
0.01428 3.2 12
0.01432 3.2 11.8
0.01436 3.2 12
0.0144 3.2 12
0.01444 3.2 12
0.01448 3.2 12
0.01452 3.2 12
0.01456 3.2 11.8
0.0146 3.2 12
0.01464 3.2 11.8
0.01468 3.2 11.8
0.01472 3.2 11.8
0.01476 3.2 12
0.0148 3.2 12
0.01484 3.2 11.8
0.01488 3.2 12
0.01492 3.2 12
0.01496 3.2 12
0.015 3.2 12
0.01504 3.2 12
0.01508 3.2 11.8
0.01512 3.2 12
0.01516 3.2 12
0.0152 3 12
0.01524 3.2 12
0.01528 3.2 12
0.01532 3.2 12
0.01536 3.2 12
0.0154 3.2 12
0.01544 3.2 12
0.01548 3.2 12
0.01552 3.2 12
0.01556 3.2 12
0.0156 3 12
0.01564 3.2 12
0.01568 3.2 12
0.01572 3 12
0.01576 3.2 12
0.0158 3.2 12
0.01584 3.2 12
0.01588 3.2 11.8
0.01592 3.2 12
0.01596 3.2 11.8
0.016 3.2 12
0.01604 3.2 12
0.01608 3.2 12
0.01612 3.2 12
0.01616 3.2 12
0.0162 3.2 12
0.01624 3.2 12
0.01628 3 12
0.01632 3 12
0.01636 3.2 11.8
0.0164 3.2 12
0.01644 3.2 12
0.01648 3.2 12.2
0.01652 3.2 12
0.01656 3.2 12
0.0166 3.2 12
0.01664 3 11.8
0.01668 3.2 12
0.01672 3.2 12
0.01676 3.2 12
0.0168 3.2 12.2
0.01684 3.2 12
0.01688 3.2 12
0.01692 3.2 12
0.01696 3.2 11.8
0.017 3.2 12
0.01704 3 12
0.01708 3.2 12
0.01712 3.2 12
0.01716 3.2 12
0.0172 3 12
0.01724 3 11.8
0.01728 3.2 12
0.01732 3 12
0.01736 3.2 12
0.0174 3 12
0.01744 3.2 12.2
0.01748 3.2 11.8
0.01752 3 12
0.01756 3.2 12
0.0176 3.2 12
0.01764 3.2 12
0.01768 3.2 11.8
0.01772 3.2 11.8
0.01776 3.2 12
0.0178 3.2 12
0.01784 3.2 12
0.01788 3.2 12
0.01792 3 11.8
0.01796 3.2 11.8
0.018 3.2 11.8
0.01804 3.2 11.8
0.01808 3.2 12
0.01812 3.2 11.8
0.01816 3.2 11.8
0.0182 3.2 11.8
0.01824 3.2 11.8
0.01828 3.2 11.8
0.01832 3.2 12
0.01836 3.2 12
0.0184 3 12
0.01844 3.2 12
0.01848 3.2 12
0.01852 3.2 11.8
0.01856 3.2 12
0.0186 3.2 12
0.01864 3.2 12
0.01868 3.2 11.8
0.01872 3.2 12
0.01876 3.2 12
0.0188 3.2 11.8
0.01884 3.2 12.2
0.01888 3.2 12
0.01892 3.2 12
0.01896 3.2 12
0.019 3.2 12
0.01904 3.2 11.8
0.01908 3 12
0.01912 3.2 12
0.01916 3.2 11.8
0.0192 3.2 11.8
0.01924 3.2 12
0.01928 3 11.8
0.01932 3.2 11.8
0.01936 3.2 12
0.0194 3.2 12
0.01944 3.2 12
0.01948 3 12
0.01952 3.2 11.8
0.01956 3.2 12
0.0196 3.2 12
0.01964 3.2 12
0.01968 3.2 12
0.01972 3.2 12
0.01976 3 12
0.0198 3.2 11.8
0.01984 3.2 12
0.01988 3.2 12
0.01992 3.2 11.8
0.01996 3.2 12
0.02 3.2 12
0.02004 3.2 11.8
0.02008 3.2 12.2
0.02012 3.2 12
0.02016 3.2 12
0.0202 3.2 12
0.02024 3.2 12
0.02028 3.2 12
0.02032 3 12
0.02036 3.2 12
0.0204 3.2 12
0.02044 3.2 12
0.02048 3.2 12
0.02052 3.2 12
0.02056 3.2 12
0.0206 3 12
0.02064 3.2 12
0.02068 3.2 12
0.02072 3.2 12
0.02076 3.2 12
0.0208 3.2 12
0.02084 3.2 12
0.02088 3 12
0.02092 3.2 11.8
0.02096 3.2 12
0.021 3.2 11.8
0.02104 3.2 12
0.02108 3.2 11.8
0.02112 3.2 12
0.02116 3.2 12
0.0212 3.2 12
0.02124 3.2 12
0.02128 3.2 12
0.02132 3.2 12
0.02136 3.2 12
0.0214 3.2 12
0.02144 3.2 12
0.02148 3.2 11.8
0.02152 3.2 12
0.02156 3.2 11.8
0.0216 3.2 12
0.02164 3.2 12
0.02168 3.2 12
0.02172 3.2 11.8
0.02176 3.2 12.2
0.0218 3 12
0.02184 3.2 12
0.02188 3.2 12
0.02192 3.2 12
0.02196 3.2 11.8
0.022 3.2 12
0.02204 3.2 12
0.02208 3.2 11.8
0.02212 3.2 12
0.02216 3.2 12
0.0222 3.2 12
0.02224 3.2 11.8
0.02228 3.2 12
0.02232 3.2 12
0.02236 3.2 12
0.0224 3.2 12
0.02244 3.2 12
0.02248 3.2 11.8
0.02252 3.2 12
0.02256 3.2 11.8
0.0226 3.4 11.8
0.02264 3.2 12
0.02268 3 12
0.02272 3.2 12
0.02276 3.2 12
0.0228 3.2 12
0.02284 3.2 12
0.02288 3.2 12
0.02292 3.2 11.8
0.02296 3.2 12
0.023 3.2 11.8
0.02304 3.2 12
0.02308 3.2 12
0.02312 3.2 12
0.02316 3.2 12
0.0232 3.2 11.8
0.02324 3.2 11.8
0.02328 3.2 12
0.02332 3.2 12
0.02336 3.2 11.8
0.0234 3.2 12
0.02344 3.2 12
0.02348 3.2 12
0.02352 3.2 11.8
0.02356 3.2 11.8
0.0236 3.2 12
0.02364 3.2 12
0.02368 3.2 12
0.02372 3.2 12
0.02376 3.2 12
0.0238 3.2 11.8
0.02384 3.2 12
0.02388 3.2 11.8
0.02392 3.2 12
0.02396 3.2 12
0.024 3.2 11.8
0.02404 3 12
0.02408 3 12
0.02412 3.2 12
0.02416 3.2 12
0.0242 3 12
0.02424 3.2 11.8
0.02428 3.2 12
0.02432 3.2 11.8
0.02436 3.2 12
0.0244 3.2 11.8
0.02444 3.2 12
0.02448 3.2 12
0.02452 3.2 11.8
0.02456 3.2 12
0.0246 3.2 12
0.02464 3.2 12
0.02468 3.2 12
0.02472 3.2 12
0.02476 3.2 11.8
0.0248 3.2 11.8
0.02484 3.2 12
0.02488 3.2 12
0.02492 3.2 11.8
0.02496 3 12
0.025 3.2 12
0.02504 3.2 12
0.02508 3.2 11.8
0.02512 3.2 11.8
0.02516 3.2 12
0.0252 3.2 12
0.02524 3.2 12
0.02528 3.2 12
0.02532 3.2 12
0.02536 3.2 11.8
0.0254 3.2 12
0.02544 3.2 11.8
0.02548 3.2 12
0.02552 3.2 11.8
0.02556 3.2 11.8
0.0256 3.2 12
0.02564 3.2 11.8
0.02568 3 11.8
0.02572 3.2 12
0.02576 3.2 11.8
0.0258 3.2 12
0.02584 3.2 12
0.02588 3.2 12
0.02592 3.2 12
0.02596 3.2 12
0.026 3.2 12
0.02604 3.2 11.8
0.02608 3.2 11.8
0.02612 3.2 12
0.02616 3.2 11.8
0.0262 3.2 12
0.02624 3.2 12
0.02628 3.4 12
0.02632 3 12
0.02636 3.2 12
0.0264 3.2 11.8
0.02644 3.2 11.8
0.02648 3.2 12
0.02652 3.2 11.8
0.02656 3.2 12
0.0266 3.2 12
0.02664 3.2 11.8
0.02668 3.2 11.8
0.02672 3.2 12
0.02676 3 12
0.0268 3.2 12
0.02684 3.2 12
0.02688 3.2 12
0.02692 3.2 12
0.02696 3.2 12
0.027 3.2 12
0.02704 3.2 11.8
0.02708 3.2 12
0.02712 3.2 12
0.02716 3.2 11.8
0.0272 3.2 11.8
0.02724 3.2 12
0.02728 3.2 12
0.02732 3.2 12
0.02736 3.2 12
0.0274 3.2 12
0.02744 3.2 12
0.02748 3.2 12
0.02752 3.2 12
0.02756 3.2 11.8
0.0276 3.2 12
0.02764 3.2 12
0.02768 3.2 11.8
0.02772 3.2 12
0.02776 3.2 12
0.0278 3.2 12
0.02784 3 12
0.02788 3.2 11.8
0.02792 3.2 11.8
0.02796 3.2 12
0.028 3.2 12
0.02804 3.2 12
0.02808 3.2 12
0.02812 3.2 12
0.02816 3.2 12
0.0282 3.2 11.8
0.02824 3 11.8
0.02828 3.2 11.8
0.02832 3.2 11.8
0.02836 3.2 12
0.0284 3 12
0.02844 3.2 11.8
0.02848 3 12
0.02852 3.2 12
0.02856 3.2 12
0.0286 3.2 12
0.02864 3.2 12.2
0.02868 3.2 12
0.02872 3.2 12
0.02876 3.2 12
0.0288 3.2 12
0.02884 3.2 11.8
0.02888 3.2 12
0.02892 3 12
0.02896 3.2 12
0.029 3 12
0.02904 3.2 12
0.02908 3.2 12
0.02912 3 12
0.02916 3.2 12
0.0292 3.2 12
0.02924 3.2 11.8
0.02928 3.2 12
0.02932 3.2 12
0.02936 3.2 11.8
0.0294 3.2 12
0.02944 3.2 11.8
0.02948 3.2 12
0.02952 3.2 12
0.02956 3.2 12
0.0296 3 12
0.02964 3.2 12
0.02968 3.2 12
0.02972 3.2 12
0.02976 3.2 12
0.0298 3 12
0.02984 3.2 12
0.02988 3 12
0.02992 3 12
0.02996 3.2 12
0.03 3 11.8
0.03004 3 12
0.03008 3.2 12
0.03012 3 12
0.03016 3 12.2
0.0302 3.2 12
0.03024 3 11.8
0.03028 3.2 12
0.03032 3.2 12
0.03036 3.2 12
0.0304 3 12
0.03044 3.2 12
0.03048 3.2 12
0.03052 3 12
0.03056 3 12
0.0306 3.2 11.8
0.03064 3.2 12
0.03068 3.2 12
0.03072 3 12
0.03076 3.2 12
0.0308 3.2 12
0.03084 3.2 12
0.03088 3.2 12.2
0.03092 3 12
0.03096 3.2 12
0.031 3.2 12
0.03104 3.2 12.2
0.03108 3 11.8
0.03112 3.2 12
0.03116 3.2 12
0.0312 3.2 12
0.03124 3.2 12
0.03128 3.2 11.8
0.03132 3.2 12
0.03136 3.2 12
0.0314 3.2 12
0.03144 3.2 12
0.03148 3.2 12
0.03152 3.2 12
0.03156 3 12
0.0316 3.2 11.8
0.03164 3.2 12
0.03168 3.2 12
0.03172 3 12
0.03176 3.2 11.8
0.0318 3 12
0.03184 3.2 12
0.03188 3.2 11.8
0.03192 3.2 12
0.03196 3 12
0.032 3.2 12
0.03204 3.2 11.8
0.03208 3.2 12
0.03212 3.2 11.8
0.03216 3.2 12
0.0322 3 12
0.03224 3.2 11.8
0.03228 3.2 12
0.03232 3 11.8
0.03236 3.2 12
0.0324 3 12
0.03244 3.2 12
0.03248 3 11.8
0.03252 3.2 12
0.03256 3 12
0.0326 3.2 12
0.03264 3.2 11.8
0.03268 3.2 12
0.03272 3.2 11.8
0.03276 3.2 12
0.0328 3.2 12
0.03284 3.2 12
0.03288 3 12
0.03292 3 11.8
0.03296 3 12
0.033 3.2 12
0.03304 3.2 11.8
0.03308 3.2 12
0.03312 3.2 11.8
0.03316 3.2 12
0.0332 3.2 11.8
0.03324 3.2 12
0.03328 3.2 11.8
0.03332 3.2 12
0.03336 3.2 12
0.0334 3.2 12
0.03344 3.2 12
0.03348 3 12
0.03352 3 11.8
0.03356 3.2 12
0.0336 3.2 12
0.03364 3 11.8
0.03368 3.2 12
0.03372 3 12
0.03376 3.2 12
0.0338 3.2 11.8
0.03384 3.2 12.2
0.03388 3.2 12
0.03392 3.2 11.8
0.03396 3.2 12
0.034 3.2 11.8
0.03404 3.2 11.8
0.03408 3.2 12
0.03412 3 11.8
0.03416 3.2 11.8
0.0342 3.2 12
0.03424 3.2 11.8
0.03428 3.2 12
0.03432 3.2 11.8
0.03436 3 12
0.0344 3 12
0.03444 3 12
0.03448 3.2 11.8
0.03452 3.2 12
0.03456 3.2 12
0.0346 3.2 12
0.03464 3 12
0.03468 3.2 12
0.03472 3.2 12
0.03476 3 12
0.0348 3.2 12
0.03484 3 12
0.03488 3.2 12
0.03492 3.2 12
0.03496 3.2 12
0.035 3.2 12
0.03504 3.2 12
0.03508 3 12
0.03512 3.2 12
0.03516 3.2 11.8
0.0352 3.2 12
0.03524 3.2 12.2
0.03528 3.2 12
0.03532 3.2 12
0.03536 3.2 12
0.0354 3.2 12
0.03544 3 12
0.03548 3 12
0.03552 3 12
0.03556 3.2 12
0.0356 3.2 11.8
0.03564 3.2 11.8
0.03568 3.2 11.8
0.03572 3.2 12
0.03576 3 12
0.0358 3 12
0.03584 3 12
0.03588 3.2 12.2
0.03592 3.2 12
0.03596 3 12
0.036 3.2 12.2
0.03604 3.2 12
0.03608 3.2 12
0.03612 3.2 11.8
0.03616 3.2 12
0.0362 3.2 12
0.03624 3.2 12
0.03628 3 12
0.03632 3.2 12
0.03636 3.2 11.8
0.0364 3.2 12
0.03644 3.2 12
0.03648 3.2 12
0.03652 3.2 12
0.03656 3.2 12
0.0366 3.2 12
0.03664 3.2 12
0.03668 3.2 12
0.03672 3.2 12
0.03676 3.2 12
0.0368 3.2 11.8
0.03684 3.2 12
0.03688 3.2 12
0.03692 3.2 11.8
0.03696 3.2 12
0.037 3.2 12
0.03704 3.2 12
0.03708 3.2 11.8
0.03712 3.2 12
0.03716 3.2 12
0.0372 3.2 11.8
0.03724 3.2 12
0.03728 3.2 11.8
0.03732 3.2 11.8
0.03736 3.2 12
0.0374 3.2 11.8
0.03744 3.2 12
0.03748 3.2 11.8
0.03752 3.2 12
0.03756 3.2 11.8
0.0376 3.2 11.8
0.03764 3.2 12
0.03768 3.2 12
0.03772 3.2 11.8
0.03776 3.2 12
0.0378 3.2 12
0.03784 3 11.8
0.03788 3.2 12
0.03792 3.2 12
0.03796 3.2 12
0.038 3.2 11.8
0.03804 3.2 12
0.03808 3.2 11.8
0.03812 3.2 12
0.03816 3.2 12
0.0382 3.2 12
0.03824 3.2 12
0.03828 3.2 12
0.03832 3.2 12
0.03836 3.2 12
0.0384 3.2 12
0.03844 3.2 11.8
0.03848 3.2 12
0.03852 3.2 12
0.03856 3.2 12
0.0386 3.2 12
0.03864 3.2 12
0.03868 3.2 12
0.03872 3.2 12
0.03876 3.2 12
0.0388 3.2 12
0.03884 3.2 12
0.03888 3.2 11.8
0.03892 3.2 12
0.03896 3.2 11.8
0.039 3.2 12
0.03904 3.2 12
0.03908 3.2 12
0.03912 3.2 11.8
0.03916 3.2 12
0.0392 3.2 12
0.03924 3.2 12
0.03928 3.2 12
0.03932 3.2 12
0.03936 3.2 12
0.0394 3.2 12
0.03944 3.2 12
0.03948 3.2 12
0.03952 3.2 11.8
0.03956 3.2 11.8
0.0396 3.2 11.8
0.03964 3.2 11.8
0.03968 3.2 12
0.03972 3.2 12
0.03976 3.2 11.8
0.0398 3.2 12
0.03984 3.2 12
0.03988 3 12
0.03992 3.2 12
0.03996 3.2 12
0.04 3.2 11.8
0.04004 3.2 11.8
0.04008 3.2 12
0.04012 3.2 11.8
0.04016 3.2 12
0.0402 3.2 11.8
0.04024 3.2 12
0.04028 3.2 12
0.04032 3.2 12
0.04036 3.2 11.8
0.0404 3.2 12
0.04044 3.2 12
0.04048 3.2 12
0.04052 3.2 12
0.04056 3.2 12
0.0406 3.2 12
0.04064 3.2 11.8
0.04068 3.2 12
0.04072 3.2 12
0.04076 3.2 11.8
0.0408 3.2 11.8
0.04084 3.4 12
0.04088 3 11.8
0.04092 3.2 11.8
0.04096 3.4 12
0.041 3.2 12
0.04104 3.2 12
0.04108 3.2 12
0.04112 3.2 11.8
0.04116 3.2 11.8
0.0412 3.2 12
0.04124 3.2 11.8
0.04128 3.2 11.8
0.04132 3.2 12
0.04136 3.2 11.8
0.0414 3.2 11.8
0.04144 3.4 11.8
0.04148 3.2 12
0.04152 3.2 12
0.04156 3.2 12
0.0416 3.2 12
0.04164 3.2 12
0.04168 3.2 12
0.04172 3.2 12
0.04176 3.2 11.6
0.0418 3.2 11.8
0.04184 3.2 11.8
0.04188 3.2 12
0.04192 3.2 12
0.04196 3.2 12
0.042 3.2 12
0.04204 3.2 12
0.04208 3.2 12
0.04212 3.2 12
0.04216 3.4 12
0.0422 3.2 12
0.04224 3.2 12
0.04228 3.2 12
0.04232 3.2 11.8
0.04236 3.2 12
0.0424 3.2 11.8
0.04244 3.2 11.8
0.04248 3.2 12
0.04252 3.2 12
0.04256 3.2 12
0.0426 3.4 12
0.04264 3.2 12
0.04268 3.2 11.8
0.04272 3.2 12
0.04276 3.2 12
0.0428 3.2 11.8
0.04284 3.2 12
0.04288 3.2 12
0.04292 3.2 11.8
0.04296 3.2 12
0.043 3.2 12
0.04304 3.2 12
0.04308 3.2 12
0.04312 3.2 12
0.04316 3.2 12
0.0432 3.4 11.8
0.04324 3.2 12
0.04328 3.2 12
0.04332 3.2 12
0.04336 3.2 12
0.0434 3.2 12
0.04344 3.2 12
0.04348 3 12.2
0.04352 3.4 12
0.04356 3.2 12
0.0436 3.2 12
0.04364 3.2 12.2
0.04368 3.4 11.8
0.04372 3.2 12
0.04376 3.2 12
0.0438 3.2 12
0.04384 3.2 11.8
0.04388 3.2 12.2
0.04392 3.2 12
0.04396 3.2 11.8
0.044 3.2 12
0.04404 3.2 12
0.04408 3.2 11.8
0.04412 3 12
0.04416 3.2 12
0.0442 3.2 11.8
0.04424 3 12
0.04428 3.2 12
0.04432 3 12
0.04436 3.2 12
0.0444 3.2 12
0.04444 3.4 12
0.04448 3.2 12
0.04452 3.2 12
0.04456 3.2 12
0.0446 3.2 12
0.04464 3.2 12.2
0.04468 3.2 12
0.04472 3.2 12
0.04476 3.2 12
0.0448 3.2 12
0.04484 3.2 12.2
0.04488 3.2 12
0.04492 3.2 12
0.04496 3.2 12
0.045 3.2 12
0.04504 3 12
0.04508 3.2 12
0.04512 3 12
0.04516 3.2 12
0.0452 3.2 11.8
0.04524 3.2 12
0.04528 3.2 11.8
0.04532 3.2 12
0.04536 3.2 12
0.0454 3.2 12.2
0.04544 3.2 12
0.04548 3.2 12
0.04552 3.2 12
0.04556 3.2 12
0.0456 3.2 12.2
0.04564 3.2 12
0.04568 3.2 12
0.04572 3.2 12
0.04576 3.2 12.2
0.0458 3.2 12
0.04584 3.2 11.8
0.04588 3.2 12
0.04592 3.2 12
0.04596 3.2 11.8
0.046 3.2 12
0.04604 3.2 12
0.04608 3.2 12
0.04612 3.2 12
0.04616 3.2 12
0.0462 3.2 12
0.04624 3.2 12
0.04628 3.2 12
0.04632 3.2 11.8
0.04636 3 12
0.0464 3.4 12.2
0.04644 3.2 12
0.04648 3.2 12
0.04652 3.2 12
0.04656 3.2 12.2
0.0466 3.2 11.8
0.04664 3.2 12
0.04668 3 12
0.04672 3.2 12
0.04676 3.2 12
0.0468 3.2 12
0.04684 3.2 12
0.04688 3.2 11.8
0.04692 3.2 12
0.04696 3.2 12
0.047 3.2 12
0.04704 3.2 12
0.04708 3 12
0.04712 3.2 12
0.04716 3 12
0.0472 3 12
0.04724 3.2 12
0.04728 3 12
0.04732 3.2 12
0.04736 3 12
0.0474 3.2 12.2
0.04744 3.2 12
0.04748 3 11.8
0.04752 3.2 12
0.04756 3.2 11.8
0.0476 3 11.8
0.04764 3.2 12
0.04768 3.2 12
0.04772 3.2 12
0.04776 3.2 12
0.0478 3.2 12
0.04784 3.2 12
0.04788 3.2 12
0.04792 3 12
0.04796 3.2 12
0.048 3.2 11.8
0.04804 3.2 12
0.04808 3 12
0.04812 3.2 11.8
0.04816 3.2 11.8
0.0482 3.2 11.8
0.04824 3.2 12
0.04828 3.2 12
0.04832 3 12
0.04836 3 12
0.0484 3.2 12
0.04844 3.2 12
0.04848 3 12
0.04852 3 11.8
0.04856 3 11.8
0.0486 3.2 12
0.04864 3.2 12
0.04868 3.2 12.2
0.04872 3.2 11.8
0.04876 3.2 11.8
0.0488 3.2 12
0.04884 3.2 12
0.04888 3 12
0.04892 3.2 12
0.04896 3.2 12
0.049 3.2 12
0.04904 3 12
0.04908 3.2 12.2
0.04912 3.2 11.8
0.04916 3.2 12
0.0492 3.2 11.8
0.04924 3 11.8
0.04928 3 12
0.04932 3.2 12
0.04936 3.2 12
0.0494 3 12
0.04944 3.2 12
0.04948 3.2 12
0.04952 3.2 12
0.04956 3.2 12
0.0496 3.2 12
0.04964 3.2 12
0.04968 3.2 12
0.04972 3.2 12
0.04976 3.2 11.8
0.0498 3.2 12
0.04984 3.2 12
0.04988 3.2 11.8
0.04992 3.2 11.8
0.04996 3.2 12.2
0.05 3 12
0.05004 3.2 12.2
0.05008 3 12
0.05012 3.2 11.8
0.05016 3 12
0.0502 3.2 12
0.05024 3.2 12
0.05028 3.2 11.8
0.05032 3.2 12
0.05036 3.2 12
0.0504 3.2 11.8
0.05044 3.2 12
0.05048 3.2 12
0.05052 3.2 12
0.05056 3.2 12
0.0506 3.2 12
0.05064 3.2 12
0.05068 3.2 12
0.05072 3.2 12
0.05076 3.2 12
0.0508 3.2 12
0.05084 3.2 12
0.05088 3.2 11.8
0.05092 3.2 12
0.05096 3.2 12
0.051 3.2 12
0.05104 3.2 11.8
0.05108 3.2 12
0.05112 3.2 12
0.05116 3.2 12
0.0512 3 12
0.05124 3.2 12
0.05128 3.2 12
0.05132 3 12
0.05136 3.2 12
0.0514 3.2 11.8
0.05144 3.2 12
0.05148 3.2 12
0.05152 3.2 12
0.05156 3.2 12
0.0516 3.2 12
0.05164 3.2 12
0.05168 3.2 12
0.05172 3.2 12.2
0.05176 3.2 12.2
0.0518 3.2 12
0.05184 3.2 12
0.05188 3.2 12
0.05192 3.2 11.8
0.05196 3.2 12
0.052 3.2 12
0.05204 3.2 12
0.05208 3.2 12
0.05212 3.2 11.8
0.05216 3.2 12
0.0522 3.2 12
0.05224 3.2 12
0.05228 3.2 12
0.05232 3.2 12
0.05236 3.2 12
0.0524 3.2 12
0.05244 3.2 12
0.05248 3.2 12
0.05252 3.2 11.8
0.05256 3.2 12
0.0526 3 12
0.05264 3.2 12
0.05268 3.2 12
0.05272 3.2 11.8
0.05276 3.2 12
0.0528 3.2 11.8
0.05284 3.2 12
0.05288 3.2 12
0.05292 3.2 11.8
0.05296 3.2 12
0.053 3.2 12
0.05304 3.2 11.8
0.05308 3.2 12
0.05312 3.2 12
0.05316 3.2 12
0.0532 3.2 11.8
0.05324 3.2 12
0.05328 3.2 12
0.05332 3.2 12
0.05336 3.2 12
0.0534 3.2 12
0.05344 3.2 11.8
0.05348 3.2 12.2
0.05352 3.2 12
0.05356 3 12
0.0536 3.2 12
0.05364 3.2 12
0.05368 3.2 12
0.05372 3.2 11.8
0.05376 3.2 12
0.0538 3 12
0.05384 3.2 12
0.05388 3 11.8
0.05392 3.2 12
0.05396 3.2 11.8
0.054 3 12
0.05404 3.2 12
0.05408 3 12
0.05412 3.2 11.8
0.05416 3.2 12
0.0542 3.2 12
0.05424 3.2 11.8
0.05428 3.2 12
0.05432 3.2 11.8
0.05436 3.2 12
0.0544 3.2 11.8
0.05444 3.2 12
0.05448 3.2 12
0.05452 3.2 12
0.05456 3 12
0.0546 3.2 12
0.05464 3.2 12
0.05468 3 11.8
0.05472 3.2 12
0.05476 3.2 12
0.0548 3.2 11.8
0.05484 3.2 12
0.05488 3.2 11.8
0.05492 3.2 12
0.05496 3.2 12
0.055 3 12
0.05504 3.2 12
0.05508 3.2 11.8
0.05512 3.2 12.2
0.05516 3.2 12
0.0552 3 12
0.05524 3.2 12
0.05528 3.2 12
0.05532 3.2 12
0.05536 3.2 12
0.0554 3.2 12
0.05544 3.2 12
0.05548 3.2 12
0.05552 3.2 12
0.05556 3.2 12.2
0.0556 3 11.8
0.05564 3.2 12
0.05568 3 12
0.05572 3 11.8
0.05576 3 12
0.0558 3.2 12
0.05584 3.2 12
0.05588 3 12
0.05592 3.2 12
0.05596 3.2 12
0.056 3 12
0.05604 3 12
0.05608 3 12
0.05612 3.2 11.8
0.05616 3.2 12
0.0562 3.2 12
0.05624 3.2 12
0.05628 3.2 12.2
0.05632 3.2 12
0.05636 3.2 12
0.0564 3.2 12.2
0.05644 3.2 12
0.05648 3.2 12
0.05652 3.2 12
0.05656 3 12
0.0566 3 12.2
0.05664 3.2 11.8
0.05668 3 12
0.05672 3.2 12.2
0.05676 3.2 11.8
0.0568 3.2 12
0.05684 3.2 12
0.05688 3.2 12
0.05692 3.2 12
0.05696 3.2 12
0.057 3.2 11.8
0.05704 3.2 11.8
0.05708 3.2 12
0.05712 3 12
0.05716 3 12
0.0572 3.2 12
0.05724 3.2 12
0.05728 3.2 12
0.05732 3.2 12
0.05736 3 12
0.0574 3.2 12
0.05744 3.2 12
0.05748 3 12
0.05752 3 11.8
0.05756 3 12
0.0576 3.2 12
0.05764 3.2 11.8
0.05768 3.2 12
0.05772 3.2 12
0.05776 3 12
0.0578 3.2 12
0.05784 3.2 11.8
0.05788 3 12
0.05792 3.2 12
0.05796 3.2 12
0.058 3 12
0.05804 3 12
0.05808 3 12
0.05812 3.2 12
0.05816 3.2 12
0.0582 3.2 12
0.05824 3.2 11.8
0.05828 3.2 12
0.05832 3.2 12
0.05836 3.2 12
0.0584 3.2 12
0.05844 3.2 12
0.05848 3.2 12
0.05852 3.2 12
0.05856 3.2 12
0.0586 3.2 12
0.05864 3 12
0.05868 3.2 11.8
0.05872 3.2 12
0.05876 3.2 12
0.0588 3 12
0.05884 3.2 12.2
0.05888 3 12
0.05892 3 11.8
0.05896 3.2 12
0.059 3 12
0.05904 3 12
0.05908 3.2 12
0.05912 3 12
0.05916 3.2 12
0.0592 3 12
0.05924 3 12
0.05928 3 12
0.05932 3 12
0.05936 3.2 12
0.0594 3 11.8
0.05944 3 12
0.05948 3.2 12
0.05952 3.2 12
0.05956 3 12
0.0596 3.2 12.2
0.05964 3.2 12
0.05968 3.2 12
0.05972 3.2 12
0.05976 3.2 12
0.0598 3 11.8
0.05984 3.2 12
0.05988 3.2 12
0.05992 3.2 12
0.05996 3.2 12
0.06 3.2 12
0.06004 3 12
0.06008 3 11.8
0.06012 3.2 12
0.06016 3.2 11.8
0.0602 3.2 12
0.06024 3.2 12
0.06028 3.2 11.8
0.06032 3 12
0.06036 3.2 12
0.0604 3.2 12.2
0.06044 3.2 11.8
0.06048 3.2 11.8
0.06052 3.2 11.8
0.06056 3.2 11.8
0.0606 3 12
0.06064 3.2 12
0.06068 3.2 11.8
0.06072 3.2 12
0.06076 3 12
0.0608 3 12
0.06084 3 12
0.06088 3.2 12
0.06092 3.2 12
0.06096 3.2 12
0.061 3 12
0.06104 3.2 12
0.06108 3 11.8
0.06112 3 12
0.06116 3 12.2
0.0612 3.2 11.8
0.06124 3.2 11.8
0.06128 3.2 12
0.06132 3 12
0.06136 3 12
0.0614 3.2 12
0.06144 3 12
0.06148 3.2 12
0.06152 3.2 12
0.06156 3 12
0.0616 3.2 12
0.06164 3 11.8
0.06168 3 12
0.06172 3.2 12
0.06176 3.2 12
0.0618 3.2 12
0.06184 3.2 12
0.06188 3.2 12
0.06192 3.2 12
0.06196 3.2 12.2
0.062 3.4 12
0.06204 3.2 12
0.06208 3.2 11.8
0.06212 3.2 12
0.06216 3.2 12
0.0622 3.2 12
0.06224 3.2 11.8
0.06228 3.2 12
0.06232 3.2 12
0.06236 3.2 12
0.0624 3.2 12.2
0.06244 3 12
0.06248 3.2 12
0.06252 3 11.8
0.06256 3.2 12.2
0.0626 3 12
0.06264 3.2 12
0.06268 3.2 12
0.06272 3.2 11.8
0.06276 3.2 12
0.0628 3.2 12
0.06284 3.2 12
0.06288 3.2 12
0.06292 3.2 12
0.06296 3 11.8
0.063 3.2 12
0.06304 3 12
0.06308 3.2 12
0.06312 3.2 11.8
0.06316 3.2 12
0.0632 3.2 12
0.06324 3.2 12
0.06328 3.2 12
0.06332 3 12
0.06336 3.2 11.8
0.0634 3.2 12
0.06344 3.2 11.8
0.06348 3.2 11.8
0.06352 3.2 12
0.06356 3.2 12
0.0636 3.2 11.8
0.06364 3.2 12
0.06368 3.2 12
0.06372 3.2 12
0.06376 3 12
0.0638 3 12
0.06384 3.2 11.8
0.06388 3.2 12
0.06392 3 11.8
0.06396 3.2 11.8
0.064 3.2 12
0.06404 3.2 12
0.06408 3.2 12
0.06412 3.2 12
0.06416 3.2 12
0.0642 3.2 11.8
0.06424 3 11.8
0.06428 3.2 11.8
0.06432 3.2 12
0.06436 3.2 11.8
0.0644 3.2 11.8
0.06444 3.2 12
0.06448 3 11.8
0.06452 3.2 11.8
0.06456 3 12
0.0646 3.2 11.8
0.06464 3.2 11.8
0.06468 3.2 12
0.06472 3 11.8
0.06476 3.2 11.8
0.0648 3 12
0.06484 3.2 11.8
0.06488 3.2 11.8
0.06492 3 12
0.06496 3 12
0.065 3.2 12
0.06504 3.2 12
0.06508 3.2 11.8
0.06512 3.2 12
0.06516 3.2 11.8
0.0652 3.2 12
0.06524 3.2 12
0.06528 3.2 12
0.06532 3.2 12
0.06536 3.2 12
0.0654 3.2 12
0.06544 3.2 12
0.06548 3.2 12
0.06552 3.2 12
0.06556 3.2 12
0.0656 3.2 12
0.06564 3.2 11.8
0.06568 3.2 12
0.06572 3 12
0.06576 3 11.8
0.0658 3.2 12.2
0.06584 3.2 12
0.06588 3.2 11.8
0.06592 3.2 11.8
0.06596 3.2 12
0.066 3.2 12
0.06604 3.2 12
0.06608 3.2 11.8
0.06612 3.2 11.8
0.06616 3.2 11.6
0.0662 3 11.8
0.06624 3.2 11.8
0.06628 3.2 11.8
0.06632 3 12
0.06636 3.2 12
0.0664 3.2 12
0.06644 3.2 12
0.06648 3.2 12
0.06652 3.2 11.8
0.06656 3.2 12
0.0666 3.2 12
0.06664 3.2 11.8
0.06668 3.2 11.8
0.06672 3.2 12
0.06676 3.2 11.8
0.0668 3.2 12
0.06684 3.2 12
0.06688 3.2 11.8
0.06692 3.2 11.8
0.06696 3.2 12
0.067 3.2 12
0.06704 3.2 12
0.06708 3 12
0.06712 3.2 12
0.06716 3.2 12
0.0672 3.2 11.8
0.06724 3.2 11.8
0.06728 3.2 12
0.06732 3 11.8
0.06736 3.2 11.8
0.0674 3.4 11.8
0.06744 3.2 12
0.06748 3.2 11.8
0.06752 3.2 12
0.06756 3.2 12
0.0676 3.2 12
0.06764 3.2 12
0.06768 3.2 12
0.06772 3 12
0.06776 3.2 12
0.0678 3.2 11.8
0.06784 3.2 12
0.06788 3.2 11.8
0.06792 3.2 11.8
0.06796 3.2 12
0.068 3.2 11.8
0.06804 3.2 11.8
0.06808 3.2 11.8
0.06812 3.2 12
0.06816 3.2 12
0.0682 3.2 12
0.06824 3 12
0.06828 3.2 12
0.06832 3.2 11.8
0.06836 3.2 12
0.0684 3.2 11.8
0.06844 3.4 11.8
0.06848 3.2 12
0.06852 3.4 11.8
0.06856 3.6 12
0.0686 3.8 11.8
0.06864 4 12
0.06868 4.4 12
0.06872 4.4 12
0.06876 4.8 12
0.0688 5 12
0.06884 5.2 11.8
0.06888 5.6 11.8
0.06892 5.8 11.8
0.06896 6 11.8
0.069 6.2 12
0.06904 6.4 11.8
0.06908 6.8 12
0.06912 7 11.8
0.06916 7.2 11.8
0.0692 7.4 11.8
0.06924 7.8 12
0.06928 8 12
0.06932 8 11.8
0.06936 8.2 12
0.0694 8.4 11.8
0.06944 8.8 12
0.06948 8.8 2.8
0.06952 9 3
0.06956 9 2.6
0.0696 9.4 2.8
0.06964 9.6 2.6
0.06968 9.8 2.6
0.06972 10 2.6
0.06976 10.2 2.6
0.0698 10.2 2.6
0.06984 10.4 2.6
0.06988 10.4 2.6
0.06992 10.4 2.6
0.06996 10.8 2.8
0.07 10.6 2.8
0.07004 10.8 2.6
0.07008 10.8 2.6
0.07012 11 2.4
0.07016 11 2.4
0.0702 11.2 2.6
0.07024 11.2 2.6
0.07028 11.4 2.6
0.07032 11.6 2.6
0.07036 11.6 2.6
0.0704 11.6 2.6
0.07044 11.6 2.4
0.07048 11.8 2.8
0.07052 11.8 2.8
0.07056 11.8 2.6
0.0706 12 2.6
0.07064 12 2.8
0.07068 12 2.6
0.07072 12 2.6
0.07076 12 2.6
0.0708 12 2.6
0.07084 12 2.6
0.07088 12 2.8
0.07092 12.2 2.8
0.07096 12.2 2.6
0.071 12.2 2.6
0.07104 12.2 2.8
0.07108 12.2 2.6
0.07112 12.2 2.8
0.07116 12.2 2.6
0.0712 12.2 2.6
0.07124 12.2 2.6
0.07128 12.4 2.8
0.07132 12.2 2.6
0.07136 12.2 2.6
0.0714 12 2.8
0.07144 12 2.6
0.07148 12.2 2.6
0.07152 12.2 2.6
0.07156 12.2 2.6
0.0716 12 2.8
0.07164 12.2 2.8
0.07168 12.2 2.8
0.07172 12.2 2.6
0.07176 12.2 2.8
0.0718 12.2 2.6
0.07184 12.2 2.6
0.07188 12 2.6
0.07192 12 2.6
0.07196 12.2 2.8
0.072 12 2.8
0.07204 12.2 2.8
0.07208 12.2 2.8
0.07212 12.2 2.8
0.07216 12 2.8
0.0722 12 2.8
0.07224 12 2.6
0.07228 12 2.8
0.07232 12 2.8
0.07236 12 2.6
0.0724 12 2.8
0.07244 12 2.6
0.07248 12 2.8
0.07252 12.2 2.8
0.07256 12 2.6
0.0726 12 2.6
0.07264 12 2.8
0.07268 12 2.8
0.07272 12.2 2.8
0.07276 12.2 2.6
0.0728 12 2.8
0.07284 12 2.8
0.07288 12 2.8
0.07292 12 2.8
0.07296 12 2.6
0.073 12 2.6
0.07304 12 2.8
0.07308 12 2.8
0.07312 12 2.8
0.07316 12 2.8
0.0732 12 2.8
0.07324 12 2.8
0.07328 12 2.6
0.07332 12 2.8
0.07336 12 2.8
0.0734 12 2.8
0.07344 12 2.8
0.07348 12 2.8
0.07352 12 2.8
0.07356 12 2.8
0.0736 12 2.8
0.07364 12 2.6
0.07368 12 2.8
0.07372 12 2.8
0.07376 12 2.8
0.0738 12 2.6
0.07384 12 2.8
0.07388 12.2 2.8
0.07392 12 2.8
0.07396 12 2.8
0.074 12 2.8
0.07404 12 2.6
0.07408 12 2.8
0.07412 12 2.8
0.07416 12 2.8
0.0742 12 2.6
0.07424 12 2.8
0.07428 12 2.8
0.07432 12 2.8
0.07436 12 2.8
0.0744 12.2 2.8
0.07444 12 2.8
0.07448 12.2 2.8
0.07452 12.2 2.8
0.07456 12.2 2.8
0.0746 12.2 2.8
0.07464 12.2 2.8
0.07468 12 2.8
0.07472 12.2 2.8
0.07476 12.2 2.8
0.0748 12 2.8
0.07484 12 2.8
0.07488 12.2 2.8
0.07492 12 2.8
0.07496 12 2.8
0.075 12 2.8
0.07504 12 2.8
0.07508 12.2 2.8
0.07512 12 2.8
0.07516 12.2 2.8
0.0752 12.2 2.8
0.07524 12.2 3
0.07528 12.2 2.8
0.07532 12.2 2.8
0.07536 12.2 2.8
0.0754 12 2.8
0.07544 12.2 3
0.07548 12 2.8
0.07552 12 2.8
0.07556 12.2 2.8
0.0756 12 3
0.07564 12.2 2.8
0.07568 12.2 2.8
0.07572 12.2 2.8
0.07576 12.2 2.8
0.0758 12.2 2.8
0.07584 12 2.8
0.07588 12.2 3
0.07592 12.2 2.8
0.07596 12 2.8
0.076 12 3
0.07604 12 2.8
0.07608 12 2.8
0.07612 12.2 2.8
0.07616 12 2.8
0.0762 12.2 3
0.07624 12 3
0.07628 12.2 2.8
0.07632 12 2.8
0.07636 12.2 2.8
0.0764 12.2 2.8
0.07644 12.2 2.8
0.07648 12.2 2.8
0.07652 12 2.8
0.07656 12 2.8
0.0766 12.2 3
0.07664 12 3
0.07668 12.2 2.8
0.07672 12 3
0.07676 12 2.8
0.0768 12.2 2.8
0.07684 12 2.8
0.07688 12.2 2.8
0.07692 12.2 2.8
0.07696 12 2.8
0.077 12 2.8
0.07704 12.2 3
0.07708 12 2.8
0.07712 12 3
0.07716 12 2.8
0.0772 12 2.8
0.07724 12 2.8
0.07728 12 2.8
0.07732 12 2.8
0.07736 12.2 3
0.0774 12 2.8
0.07744 12 2.8
0.07748 12 2.8
0.07752 12 2.8
0.07756 12 3
0.0776 12 2.8
0.07764 11.8 2.8
0.07768 12 2.8
0.07772 11.8 2.8
0.07776 11.8 2.8
0.0778 11.8 2.8
0.07784 11.8 2.8
0.07788 11.6 3
0.07792 11.6 2.8
0.07796 11.2 2.8
0.078 11.4 2.8
0.07804 11.4 2.8
0.07808 11.2 2.8
0.07812 11.2 2.8
0.07816 11.2 2.8
0.0782 11 2.8
0.07824 11 2.8
0.07828 10.8 2.8
0.07832 10.8 2.8
0.07836 10.6 3
0.0784 10.6 3
0.07844 10.4 3
0.07848 10.2 2.8
0.07852 10 3
0.07856 10 2.8
0.0786 10 2.8
0.07864 9.8 2.8
0.07868 9.6 3
0.07872 9.4 2.8
0.07876 9.4 3
0.0788 9.2 3
0.07884 8.8 3
0.07888 8.8 3
0.07892 8.6 3
0.07896 8.6 3
0.079 8.2 3
0.07904 8 3
0.07908 7.6 3
0.07912 7.6 2.8
0.07916 7.4 2.8
0.0792 7 2.8
0.07924 7 2.6
0.07928 6.6 2.8
0.07932 6.4 2.8
0.07936 6.2 2.8
0.0794 5.8 2.8
0.07944 5.6 2.8
0.07948 5.4 2.8
0.07952 5.2 2.8
0.07956 5 2.8
0.0796 4.8 2.8
0.07964 4.8 2.8
0.07968 4.4 2.8
0.07972 4.2 2.8
0.07976 3.8 2.8
0.0798 3.8 2.8
0.07984 3.6 2.8
0.07988 3.6 2.8
0.07992 3.4 2.8
0.07996 3.4 2.8
0.08 3.6 2.8
0.08004 3.6 2.8
0.08008 3.6 3
0.08012 3.4 2.8
0.08016 3.6 2.8
0.0802 3.6 3
0.08024 3.4 2.8
0.08028 3.4 2.8
0.08032 3.6 2.8
0.08036 3.6 2.8
0.0804 3.4 2.8
0.08044 3.6 3
0.08048 3.4 2.8
0.08052 3.4 2.8
0.08056 3.6 2.8
0.0806 3.6 2.8
0.08064 3.4 3
0.08068 3.4 2.8
0.08072 3.4 2.8
0.08076 3.6 2.8
0.0808 3.6 2.8
0.08084 3.6 2.8
0.08088 3.4 2.8
0.08092 3.6 2.8
0.08096 3.6 2.8
0.081 3.4 2.8
0.08104 3.6 3
0.08108 3.4 2.8
0.08112 3.6 2.8
0.08116 3.4 3
0.0812 3.4 3
0.08124 3.6 2.8
0.08128 3.6 2.8
0.08132 3.6 3
0.08136 3.6 2.8
0.0814 3.6 2.8
0.08144 3.6 2.8
0.08148 3.4 2.8
0.08152 3.4 2.8
0.08156 3.4 2.8
0.0816 3.6 3
0.08164 3.4 2.8
0.08168 3.6 2.8
0.08172 3.2 2.8
0.08176 3.4 2.8
0.0818 3.6 3
0.08184 3.4 3
0.08188 3.6 2.8
0.08192 3.6 2.8
0.08196 3.4 2.8
0.082 3.4 2.8
0.08204 3.4 2.8
0.08208 3.4 2.8
0.08212 3.6 2.8
0.08216 3.6 2.8
0.0822 3.4 2.8
0.08224 3.6 2.8
0.08228 3.4 2.8
0.08232 3.6 2.8
0.08236 3.6 2.8
0.0824 3.6 2.8
0.08244 3.6 2.8
0.08248 3.6 2.8
0.08252 3.4 2.8
0.08256 3.6 2.8
0.0826 3.4 2.8
0.08264 3.6 2.8
0.08268 3.4 2.8
0.08272 3.4 2.8
0.08276 3.6 3
0.0828 3.6 2.8
0.08284 3.6 2.8
0.08288 3.4 2.8
0.08292 3.4 2.8
0.08296 3.4 2.8
0.083 3.4 2.8
0.08304 3.6 2.6
0.08308 3.6 2.8
0.08312 3.4 2.8
0.08316 3.6 2.8
0.0832 3.6 2.8
0.08324 3.6 2.8
0.08328 3.6 2.8
0.08332 3.4 3
0.08336 3.6 2.8
0.0834 3.4 2.8
0.08344 3.4 2.8
0.08348 3.4 2.8
0.08352 3.4 3
0.08356 3.6 2.8
0.0836 3.4 3
0.08364 3.6 2.8
0.08368 3.4 2.8
0.08372 3.4 2.8
0.08376 3.6 2.8
0.0838 3.4 2.8
0.08384 3.6 3
0.08388 3.4 2.8
0.08392 3.4 3
0.08396 3.4 2.8
0.084 3.4 3
0.08404 3.6 2.8
0.08408 3.4 2.8
0.08412 3.6 3
0.08416 3.4 2.8
0.0842 3.4 2.8
0.08424 3.6 2.8
0.08428 3.4 2.8
0.08432 3.6 2.8
0.08436 3.6 3
0.0844 3.6 2.8
0.08444 3.4 2.8
0.08448 3.6 3
0.08452 3.6 3
0.08456 3.4 2.8
0.0846 3.6 2.8
0.08464 3.4 2.8
0.08468 3.4 2.8
0.08472 3.6 2.8
0.08476 3.4 2.8
0.0848 3.4 2.8
0.08484 3.4 2.8
0.08488 3.4 2.8
0.08492 3.6 2.8
0.08496 3.4 2.8
0.085 3.4 3
0.08504 3.6 2.8
0.08508 3.6 2.8
0.08512 3.4 2.8
0.08516 3.4 2.8
0.0852 3.6 3
0.08524 3.6 2.8
0.08528 3.4 2.8
0.08532 3.2 2.8
0.08536 3.4 2.8
0.0854 3.6 2.8
0.08544 3.6 2.8
0.08548 3.6 2.8
0.08552 3.6 3
0.08556 3.6 2.8
0.0856 3.8 3
0.08564 3.4 2.8
0.08568 3.4 2.8
0.08572 3.4 2.8
0.08576 3.4 2.8
0.0858 3.6 2.8
0.08584 3.4 2.8
0.08588 3.4 3
0.08592 3.4 2.8
0.08596 3.6 2.8
0.086 3.6 3
0.08604 3.6 3
0.08608 3.4 2.8
0.08612 3.4 3
0.08616 3.6 2.8
0.0862 3.6 3
0.08624 3.6 3
0.08628 3.4 2.8
0.08632 3.6 2.8
0.08636 3.4 3
0.0864 3.6 3
0.08644 3.6 3
0.08648 3.6 2.8
0.08652 3.6 2.8
0.08656 3.6 3
0.0866 3.6 2.8
0.08664 3.6 3
0.08668 3.4 3
0.08672 3.6 2.8
0.08676 3.6 2.8
0.0868 3.6 3
0.08684 3.6 3
0.08688 3.4 3
0.08692 3.4 2.8
0.08696 3.6 2.8
0.087 3.4 3
0.08704 3.6 3
0.08708 3.4 2.8
0.08712 3.6 3
0.08716 3.6 3
0.0872 3.4 3
0.08724 3.6 2.8
0.08728 3.6 2.8
0.08732 3.6 3
0.08736 3.8 3
0.0874 3.6 3
0.08744 3.6 3
0.08748 3.6 3
0.08752 3.6 3
0.08756 3.6 2.8
0.0876 3.6 2.8
0.08764 3.6 3
0.08768 3.6 2.8
0.08772 3.4 2.8
0.08776 3.4 2.8
0.0878 3.6 3
0.08784 3.6 3
0.08788 3.6 2.8
0.08792 3.8 3
0.08796 3.6 3
0.088 3.6 3
0.08804 3.6 3
0.08808 3.6 2.8
0.08812 3.6 2.8
0.08816 3.6 2.8
0.0882 3.6 2.8
0.08824 3.6 2.8
0.08828 3.6 3
0.08832 3.6 3
0.08836 3.6 2.8
0.0884 3.6 3
0.08844 3.6 3
0.08848 3.4 3
0.08852 3.4 3
0.08856 3.4 3
0.0886 3.6 3
0.08864 3.6 2.8
0.08868 3.4 2.8
0.08872 3.6 3
0.08876 3.4 3
0.0888 3.4 2.8
0.08884 3.6 3
0.08888 3.8 2.8
0.08892 3.6 3
0.08896 3.6 3
0.089 3.6 2.8
0.08904 3.6 3
0.08908 3.4 2.8
0.08912 3.4 3
0.08916 3.6 2.8
0.0892 3.6 3
0.08924 3.6 2.8
0.08928 3.6 2.8
0.08932 3.6 3
0.08936 3.6 3
0.0894 3.6 3
0.08944 3.6 3
0.08948 3.6 2.8
0.08952 3.6 3
0.08956 3.6 3
0.0896 3.6 3
0.08964 3.6 2.8
0.08968 3.6 3
0.08972 3.4 2.8
0.08976 3.4 2.8
0.0898 3.6 3
0.08984 3.6 3
0.08988 3.6 3
0.08992 3.6 3
0.08996 3.6 3
0.09 3.6 3
0.09004 3.8 3
0.09008 3.6 3
0.09012 3.6 2.8
0.09016 3.6 3
0.0902 3.6 3
0.09024 3.6 3
0.09028 3.6 3
0.09032 3.6 3
0.09036 3.6 2.8
0.0904 3.8 2.8
0.09044 3.6 3
0.09048 3.8 3
0.09052 3.8 3
0.09056 3.8 3
0.0906 3.8 3
0.09064 3.6 3
0.09068 3.6 3
0.09072 3.6 3
0.09076 3.6 3
0.0908 3.6 3
0.09084 3.6 3
0.09088 3.6 3
0.09092 3.8 3
0.09096 3.6 3
0.091 3.6 2.8
0.09104 3.6 3
0.09108 3.6 3
0.09112 3.8 3
0.09116 3.8 3
0.0912 3.6 3
0.09124 3.6 3
0.09128 3.8 3
0.09132 3.8 3
0.09136 3.6 3
0.0914 3.6 3
0.09144 3.6 3
0.09148 3.6 3
0.09152 3.6 2.8
0.09156 3.8 3
0.0916 3.8 3
0.09164 3.8 3
0.09168 3.6 3
0.09172 3.4 3
0.09176 3.8 3
0.0918 3.8 3
0.09184 3.6 3
0.09188 3.6 3
0.09192 3.6 3
0.09196 3.6 3
0.092 3.6 3
0.09204 3.6 3
0.09208 3.8 3
0.09212 3.6 3
0.09216 3.6 3
0.0922 3.6 3
0.09224 3.6 3
0.09228 3.6 3
0.09232 3.6 3
0.09236 3.8 3
0.0924 3.6 3
0.09244 3.8 3
0.09248 3.6 3
0.09252 3.6 3
0.09256 3.8 2.8
0.0926 3.6 3
0.09264 3.6 3
0.09268 3.6 3
0.09272 3.6 3
0.09276 3.8 3
0.0928 3.6 3
0.09284 3.8 3
0.09288 3.8 3
0.09292 3.6 3
0.09296 3.6 3.2
0.093 3.6 3
0.09304 3.6 3
0.09308 3.8 3
0.09312 3.8 3.2
0.09316 3.6 3
0.0932 3.8 3
0.09324 3.8 3
0.09328 3.6 3
0.09332 3.8 3
0.09336 3.6 3
0.0934 3.8 3
0.09344 3.6 3
0.09348 3.8 3
0.09352 3.8 3
0.09356 3.6 3
0.0936 3.6 3
0.09364 3.6 3
0.09368 3.6 3.2
0.09372 3.8 3
0.09376 3.6 3
0.0938 3.6 3
0.09384 3.8 3
0.09388 3.8 3
0.09392 3.8 3
0.09396 3.8 3
0.094 3.6 3
0.09404 3.6 3
0.09408 3.6 3
0.09412 3.6 3
0.09416 3.6 3
0.0942 3.6 3
0.09424 3.6 3
0.09428 3.6 3
0.09432 3.6 3
0.09436 3.8 3
0.0944 3.6 3.2
0.09444 3.8 2.8
0.09448 3.6 3
0.09452 3.6 3
0.09456 3.6 3
0.0946 3.6 3
0.09464 3.8 3
0.09468 3.6 3
0.09472 3.8 3.2
0.09476 3.6 3
0.0948 3.8 3
0.09484 3.6 3.2
0.09488 3.8 3
0.09492 3.8 3
0.09496 3.6 3
0.095 3.8 3
0.09504 3.6 3
0.09508 3.6 3
0.09512 3.6 3
0.09516 3.6 3.2
0.0952 3.6 3
0.09524 3.6 3
0.09528 3.8 3
0.09532 3.8 3
0.09536 3.8 3
0.0954 3.6 3
0.09544 3.6 3
0.09548 3.6 3
0.09552 3.6 3
0.09556 3.8 3
0.0956 3.6 3
0.09564 3.8 3
0.09568 3.8 3.2
0.09572 3.8 3
0.09576 3.8 3
0.0958 3.6 3
0.09584 3.6 3
0.09588 3.8 3.2
0.09592 3.8 3.2
0.09596 3.8 3
0.096 3.8 3
0.09604 3.8 3
0.09608 3.6 3
0.09612 3.6 3
0.09616 3.8 3
0.0962 3.8 3.2
0.09624 3.6 3
0.09628 3.6 3
0.09632 3.6 3
0.09636 3.6 3
0.0964 3.8 3
0.09644 3.8 3.4
0.09648 3.8 3
0.09652 3.8 3
0.09656 3.6 3
0.0966 3.6 3
0.09664 3.6 3
0.09668 3.6 3.2
0.09672 3.8 3
0.09676 3.8 3.2
0.0968 3.8 3
0.09684 3.8 3
0.09688 3.6 3
0.09692 3.8 3
0.09696 3.6 3
0.097 3.8 3
0.09704 3.8 3.2
0.09708 3.8 3.2
0.09712 3.6 2.8
0.09716 3.8 3
0.0972 3.8 3
0.09724 3.6 3
0.09728 3.8 3.2
0.09732 3.8 3
0.09736 3.6 3
0.0974 3.8 3
0.09744 3.8 3
0.09748 3.8 3.2
0.09752 3.8 3
0.09756 3.6 3
0.0976 3.6 3
0.09764 3.8 3
0.09768 3.8 3.2
0.09772 3.8 3
0.09776 3.8 3
0.0978 3.6 3
0.09784 3.8 3
0.09788 3.8 3
0.09792 3.6 3.2
0.09796 3.6 3
0.098 3.8 3
0.09804 3.8 3
0.09808 3.8 3.2
0.09812 3.8 3.2
0.09816 3.6 3
0.0982 3.6 3.2
0.09824 3.8 3
0.09828 3.8 3
0.09832 3.8 3.2
0.09836 3.8 3
0.0984 3.6 3
0.09844 3.8 3.2
0.09848 3.8 3
0.09852 3.8 3
0.09856 3.6 3
0.0986 3.8 3
0.09864 3.8 3
0.09868 3.8 3
0.09872 3.6 3.2
0.09876 3.6 3
0.0988 3.8 3
0.09884 3.8 3
0.09888 3.8 3
0.09892 3.6 3
0.09896 3.8 3
0.099 3.8 3
0.09904 3.8 3
0.09908 3.8 3
0.09912 3.8 3.2
0.09916 3.8 3
0.0992 3.8 3.2
0.09924 3.6 3
0.09928 3.6 3.2
0.09932 3.6 3
0.09936 3.6 3
0.0994 3.8 3.2
0.09944 3.8 3
0.09948 3.8 3
0.09952 3.8 3
0.09956 3.8 3
0.0996 3.8 3
0.09964 3.8 3.2
0.09968 3.8 3.2
0.09972 3.8 3
0.09976 3.8 3
0.0998 3.6 3
0.09984 3.8 3
0.09988 3.8 3
0.09992 3.8 3
0.09996 3.8 3
0.1 3.8 3
0.10004 3.8 3
0.10008 3.8 3
0.10012 3.8 3.2
0.10016 3.8 3
0.1002 3.8 3.4
0.10024 5.2 12
0.10028 5 11.8
0.10032 4.8 12
0.10036 4.6 11.8
0.1004 4.2 11.8
0.10044 4 12
0.10048 3.8 12
0.10052 3.8 11.8
0.10056 3.6 11.6
0.1006 3.6 12
0.10064 3.6 11.8
0.10068 3.4 11.8
0.10072 3.2 11.8
0.10076 3.2 12
0.1008 3.2 11.8
0.10084 3.2 11.8
0.10088 3.2 11.8
0.10092 3 11.8
0.10096 3.2 12
0.101 3.2 11.8
0.10104 3 11.8
0.10108 3.2 11.6
0.10112 3 11.8
0.10116 3.2 11.8
0.1012 3.2 11.8
0.10124 3.2 11.8
0.10128 3.2 11.8
0.10132 3.2 11.6
0.10136 3 11.8
0.1014 3.2 11.8
0.10144 3.2 11.8
0.10148 3.2 11.8
0.10152 3.2 11.8
0.10156 3.2 11.6
0.1016 3.2 11.8
0.10164 3.2 11.8
0.10168 3.2 11.8
0.10172 3.2 11.8
0.10176 3 11.6
0.1018 3.2 11.8
0.10184 3 11.8
0.10188 3.2 11.8
0.10192 3 11.8
0.10196 3.2 11.8
0.102 3 11.6
0.10204 3.2 11.6
0.10208 3 11.6
0.10212 3 11.8
0.10216 3 11.8
0.1022 3.2 11.8
0.10224 3 11.8
0.10228 3.2 11.8
0.10232 3.2 11.6
0.10236 3.2 11.8
0.1024 3.2 11.8
0.10244 3.2 11.8
0.10248 3.2 11.6
0.10252 3.2 11.8
0.10256 3.2 11.8
0.1026 3 11.8
0.10264 3.2 11.8
0.10268 3.2 11.6
0.10272 3.2 11.8
0.10276 3 11.8
0.1028 3.2 11.8
0.10284 3 11.6
0.10288 3.2 11.8
0.10292 3.2 11.8
0.10296 3.2 11.6
0.103 3.2 11.8
0.10304 3.2 11.6
0.10308 3.2 11.8
0.10312 3 11.8
0.10316 3.2 11.8
0.1032 3.2 11.8
0.10324 3 11.8
0.10328 3.2 11.8
0.10332 3.2 11.8
0.10336 3.2 11.6
0.1034 3.2 11.8
0.10344 3.2 11.6
0.10348 3.2 11.8
0.10352 3.2 11.8
0.10356 3.2 11.6
0.1036 3.2 11.6
0.10364 3.2 11.8
0.10368 3.2 11.8
0.10372 3.2 11.8
0.10376 3.2 11.8
0.1038 3.2 11.8
0.10384 3 11.8
0.10388 3.2 11.8
0.10392 3.2 11.8
0.10396 3.2 11.6
0.104 3 11.6
0.10404 3 11.8
0.10408 3.2 11.8
0.10412 3.2 11.8
0.10416 3.2 12
0.1042 3.2 11.8
0.10424 3 11.8
0.10428 3.2 12
0.10432 3.2 11.8
0.10436 3 11.6
0.1044 3 11.8
0.10444 3.2 11.8
0.10448 3.2 11.8
0.10452 3.2 11.8
0.10456 3.2 11.8
0.1046 3.2 11.8
0.10464 3.2 11.8
0.10468 3.2 11.8
0.10472 3 12
0.10476 3.2 11.8
0.1048 3.2 11.8
0.10484 3.2 11.8
0.10488 3.2 11.8
0.10492 3.2 11.8
0.10496 3.2 11.8
0.105 3.2 11.8
0.10504 3.2 11.8
0.10508 3 11.8
0.10512 3.2 11.8
0.10516 3.2 11.8
0.1052 3.2 11.8
0.10524 3.2 11.8
0.10528 3.2 11.8
0.10532 3.2 11.8
0.10536 3.2 11.6
0.1054 3.2 11.8
0.10544 3 11.8
0.10548 3 11.8
0.10552 3 11.8
0.10556 3 11.8
0.1056 3.2 12
0.10564 3 11.6
0.10568 3.2 11.8
0.10572 3 11.8
0.10576 3.2 11.6
0.1058 3.2 11.8
0.10584 3.2 12
0.10588 3.2 11.8
0.10592 3.2 11.8
0.10596 3.2 12
0.106 3.2 11.8
0.10604 3.2 12
0.10608 3.2 12
0.10612 3.2 11.8
0.10616 3.2 11.8
0.1062 3.2 11.8
0.10624 3.2 11.8
0.10628 3.2 11.8
0.10632 3.2 11.8
0.10636 3.2 11.8
0.1064 3.2 11.8
0.10644 3.2 11.8
0.10648 3.2 11.8
0.10652 3.2 12
0.10656 3.2 11.8
0.1066 3.2 11.8
0.10664 3.2 11.8
0.10668 3.2 11.8
0.10672 3.2 11.8
0.10676 3 11.8
0.1068 3.2 11.8
0.10684 3.2 11.8
0.10688 3.2 11.8
0.10692 3.2 11.8
0.10696 3.2 11.8
0.107 3.2 11.8
0.10704 3.2 11.8
0.10708 3 11.8
0.10712 3.2 11.8
0.10716 3.2 12
0.1072 3 12
0.10724 3.2 11.8
0.10728 3.2 11.8
0.10732 3.2 11.8
0.10736 3.2 11.8
0.1074 3.2 11.6
0.10744 3.2 12
0.10748 3 11.8
0.10752 3.2 11.8
0.10756 3.2 11.8
0.1076 3.2 11.8
0.10764 3.2 11.8
0.10768 3.2 12
0.10772 3.2 12
0.10776 3.2 11.8
0.1078 3 11.8
0.10784 3.2 11.8
0.10788 3 11.8
0.10792 3 11.6
0.10796 3.2 11.8
0.108 3.2 11.6
0.10804 3.2 11.8
0.10808 3.2 11.8
0.10812 3.2 11.8
0.10816 3 11.8
0.1082 3 11.8
0.10824 3.2 11.8
0.10828 3.2 11.8
0.10832 3.2 11.8
0.10836 3.2 11.8
0.1084 3 11.8
0.10844 3.2 11.8
0.10848 3.2 11.8
0.10852 3.2 11.8
0.10856 3.2 11.8
0.1086 3.2 11.8
0.10864 3.2 11.8
0.10868 3.2 11.8
0.10872 3.2 11.8
0.10876 3.2 12
0.1088 3.2 11.8
0.10884 3.2 11.8
0.10888 3 12
0.10892 3.2 11.8
0.10896 3.2 12
0.109 3.2 11.8
0.10904 3.2 11.8
0.10908 3.2 12
0.10912 3.2 11.8
0.10916 3.2 11.6
0.1092 3.2 11.6
0.10924 3.2 11.8
0.10928 3.2 11.8
0.10932 3.2 11.8
0.10936 3.2 11.8
0.1094 3.2 12
0.10944 3.2 12
0.10948 3.2 11.6
0.10952 3.2 12
0.10956 3.2 11.8
0.1096 3 11.8
0.10964 3 12
0.10968 3.2 11.8
0.10972 3.2 11.8
0.10976 3.2 12
0.1098 3.2 11.8
0.10984 3.2 11.8
0.10988 3.2 12
0.10992 3.2 11.8
0.10996 3.2 11.8
0.11 3.2 11.8
0.11004 3.2 11.8
0.11008 3.2 12
0.11012 3 12
0.11016 3.2 12
0.1102 3.2 11.8
0.11024 3.2 11.8
0.11028 3.2 11.8
0.11032 3.2 11.8
0.11036 3.2 11.8
0.1104 3.2 12
0.11044 3.2 11.8
0.11048 3.2 11.8
0.11052 3.2 12
0.11056 3.2 11.8
0.1106 3.2 12
0.11064 3.2 11.8
0.11068 3.2 11.8
0.11072 3.2 11.8
0.11076 3.2 11.8
0.1108 3.2 11.8
0.11084 3.2 11.8
0.11088 3.2 11.8
0.11092 3.2 11.8
0.11096 3 11.6
0.111 3.2 11.8
0.11104 3.2 12
0.11108 3.2 11.8
0.11112 3 12
0.11116 3.2 12
0.1112 3 11.8
0.11124 3.2 12
0.11128 3 12
0.11132 3.2 11.8
0.11136 3.2 11.8
0.1114 3.2 11.8
0.11144 3.2 11.8
0.11148 3 11.8
0.11152 3.2 11.8
0.11156 3.2 12
0.1116 3.2 11.8
0.11164 3.2 11.8
0.11168 3.2 12
0.11172 3 11.8
0.11176 3.2 11.8
0.1118 3.2 12
0.11184 3.2 11.8
0.11188 3.2 12
0.11192 3.2 11.8
0.11196 3.2 11.8
0.112 3.2 12
0.11204 3.2 11.8
0.11208 3.2 12
0.11212 3.2 11.8
0.11216 3.2 12
0.1122 3.2 11.6
0.11224 3.2 12
0.11228 3 11.8
0.11232 3.2 12
0.11236 3 11.8
0.1124 3 12
0.11244 3.2 11.8
0.11248 3.2 12
0.11252 3 12
0.11256 3.2 12
0.1126 3.2 11.8
0.11264 3.2 11.8
0.11268 3.2 11.8
0.11272 3.2 11.8
0.11276 3.2 12
0.1128 3.2 12
0.11284 3.2 11.8
0.11288 3 12
0.11292 3.2 11.8
0.11296 3 12
0.113 3.2 11.8
0.11304 3.2 12
0.11308 3.2 11.8
0.11312 3 11.8
0.11316 3.2 12
0.1132 3 11.8
0.11324 3.2 11.8
0.11328 3.2 12
0.11332 3.2 11.8
0.11336 3.2 12
0.1134 3 11.8
0.11344 3.2 11.8
0.11348 3.2 12
0.11352 3.2 12
0.11356 3.2 11.8
0.1136 3 11.8
0.11364 3.2 11.8
0.11368 3.2 12
0.11372 3.2 11.8
0.11376 3.2 11.8
0.1138 3.2 12
0.11384 3.2 11.8
0.11388 3.2 11.8
0.11392 3 12
0.11396 3.2 12
0.114 3.2 11.8
0.11404 3.2 11.8
0.11408 3.2 11.8
0.11412 3.2 12
0.11416 3 12
0.1142 3.2 12
0.11424 3.2 11.8
0.11428 3 12
0.11432 3.2 12
0.11436 3.2 12
0.1144 3.2 12
0.11444 3 12
0.11448 3 12
0.11452 3 12
0.11456 3.2 11.8
0.1146 3.2 11.8
0.11464 3 12
0.11468 3 12
0.11472 3 11.8
0.11476 3 11.8
0.1148 3.2 12
0.11484 3.2 11.8
0.11488 3.2 11.8
0.11492 3 12
0.11496 3 12
0.115 3 12
0.11504 3 12
0.11508 3.2 12
0.11512 3.2 12
0.11516 3.2 11.8
0.1152 3.2 12
0.11524 3.2 12
0.11528 3.2 12
0.11532 3.2 12.2
0.11536 3.2 11.8
0.1154 3.2 11.8
0.11544 3.2 12
0.11548 3.2 12
0.11552 3 11.8
0.11556 3 11.8
0.1156 3 12
0.11564 3.2 12
0.11568 3.2 12
0.11572 3 12
0.11576 3.2 12
0.1158 3.2 11.8
0.11584 3 11.8
0.11588 3.2 12
0.11592 3.2 11.8
0.11596 3.2 11.8
0.116 3.2 12
0.11604 3 12
0.11608 3.2 11.8
0.11612 3.2 12
0.11616 3.2 11.8
0.1162 3 12
0.11624 3 12
0.11628 3.2 12
0.11632 3 11.8
0.11636 3.2 12
0.1164 3.2 11.8
0.11644 3.2 12
0.11648 3 12
0.11652 3.2 12
0.11656 3.2 12
0.1166 3.2 12
0.11664 3.2 12
0.11668 3.2 12
0.11672 3.2 12
0.11676 3.2 12
0.1168 3.2 12
0.11684 3 12
0.11688 3.2 12
0.11692 3.2 11.8
0.11696 3.2 12
0.117 3.2 11.8
0.11704 3.2 11.8
0.11708 3.2 12
0.11712 3.2 11.8
0.11716 3 12
0.1172 3 11.8
0.11724 3.2 11.8
0.11728 3.4 12
0.11732 3.2 12
0.11736 3 12
0.1174 3.2 12
0.11744 3.2 11.8
0.11748 3.2 12
0.11752 3.2 11.8
0.11756 3.2 12
0.1176 3.2 12
0.11764 3 12
0.11768 3.2 11.8
0.11772 3.2 12
0.11776 3.2 12
0.1178 3.2 12
0.11784 3.2 12
0.11788 3.2 12
0.11792 3.2 12
0.11796 3.2 12
0.118 3.2 12
0.11804 3.2 12
0.11808 3.2 11.8
0.11812 3.2 12
0.11816 3 11.6
0.1182 3.2 11.8
0.11824 3.2 11.8
0.11828 3.2 12
0.11832 3.2 12
0.11836 3.2 12
0.1184 3.2 11.8
0.11844 3.2 12
0.11848 3.2 12
0.11852 3 12
0.11856 3.2 11.8
0.1186 3.2 12
0.11864 3.2 12
0.11868 3.2 12
0.11872 3.2 12
0.11876 3.2 12
0.1188 3.2 12
0.11884 3.2 11.8
0.11888 3.2 12
0.11892 3.2 12
0.11896 3.2 12
0.119 3.2 12
0.11904 3.2 12
0.11908 3.2 12
0.11912 3.2 12
0.11916 3.2 12
0.1192 3.2 11.8
0.11924 3 11.8
0.11928 3.2 12
0.11932 3.2 11.8
0.11936 3 11.8
0.1194 3 11.8
0.11944 3.2 12
0.11948 3.2 12
0.11952 3 12
0.11956 3.2 12
0.1196 3.2 11.8
0.11964 3 12
0.11968 3.2 12
0.11972 3.2 12
0.11976 3.2 12
0.1198 3.2 12
0.11984 3 12
0.11988 3.2 11.8
0.11992 3.2 12
0.11996 3.2 12
0.12 3.2 12
0.12004 3.2 12
0.12008 3.2 11.8
0.12012 3.2 12
0.12016 3.2 12
0.1202 3.2 12
0.12024 3.2 12
0.12028 3.2 12
0.12032 3.2 11.8
0.12036 3.2 11.8
0.1204 3.2 12
0.12044 3.2 12.2
0.12048 3.2 12
0.12052 3.2 12
0.12056 3.2 12
0.1206 3.2 11.8
0.12064 3 12
0.12068 3 12
0.12072 3 12
0.12076 3.2 12
0.1208 3.2 12
0.12084 3.2 12
0.12088 3.2 11.8
0.12092 3.2 12
0.12096 3.2 12.2
0.121 3.2 11.8
0.12104 3.2 12
0.12108 3.2 12
0.12112 3.2 12
0.12116 3 12
0.1212 3.2 12
0.12124 3.2 12
0.12128 3 12.2
0.12132 3.2 12
0.12136 3.2 12
0.1214 3.2 12
0.12144 3.2 12.2
0.12148 3 12
0.12152 3.2 12
0.12156 3.2 12
0.1216 3.2 12
0.12164 3 12
0.12168 3.2 12
0.12172 3.2 12
0.12176 3.2 12
0.1218 3 12.2
0.12184 3.2 12
0.12188 3 12
0.12192 3.2 12
0.12196 3.2 12
0.122 3 12
0.12204 3 12
0.12208 3.2 12
0.12212 3.2 12
0.12216 3 12
0.1222 3 12
0.12224 3.2 12
0.12228 3.2 12
0.12232 3.2 12.2
0.12236 3.2 12
0.1224 3.2 12
0.12244 3 12
0.12248 3.2 12
0.12252 3.2 12
0.12256 3.2 12
0.1226 3 12
0.12264 3.2 12
0.12268 3.2 12
0.12272 3.2 12
0.12276 3.2 12
0.1228 3.2 12
0.12284 3.2 12
0.12288 3.2 12
0.12292 3.2 12
0.12296 3.2 12
0.123 3.2 12
0.12304 3.2 12
0.12308 3.2 12
0.12312 3.2 12
0.12316 3 11.8
0.1232 3.2 12
0.12324 3 12
0.12328 3.2 11.8
0.12332 3.2 12
0.12336 3.2 12
0.1234 3.2 11.8
0.12344 3.2 12
0.12348 3 12.2
0.12352 3.2 12
0.12356 3.2 12
0.1236 3.2 12
0.12364 3.2 12
0.12368 3.2 11.8
0.12372 3.2 12
0.12376 3 11.8
0.1238 3.2 11.8
0.12384 3.2 12
0.12388 3 12
0.12392 3 12
0.12396 3.2 12
0.124 3.2 12
0.12404 3 12
0.12408 3.2 12
0.12412 3.2 11.8
0.12416 3.2 12
0.1242 3 12
0.12424 3 12
0.12428 3.2 11.8
0.12432 3.2 12
0.12436 3 12
0.1244 3.2 12
0.12444 3.2 11.8
0.12448 3.2 12
0.12452 3.2 12
0.12456 3.2 11.8
0.1246 3.2 12
0.12464 3.2 12
0.12468 3 12
0.12472 3.2 12
0.12476 3.2 11.8
0.1248 3.2 12
0.12484 3 12
0.12488 3 12
0.12492 3.2 12
0.12496 3 12
0.125 3.2 12
0.12504 3.2 11.8
0.12508 3.2 12
0.12512 3 12
0.12516 3.2 12
0.1252 3.2 12
0.12524 3 12
0.12528 3.2 12
0.12532 3.2 12
0.12536 3.2 12
0.1254 3.2 12
0.12544 3.2 12
0.12548 3.2 11.8
0.12552 3.2 12
0.12556 3.2 12
0.1256 3.2 12
0.12564 3.2 12
0.12568 3.2 11.8
0.12572 3.2 12
0.12576 3 12
0.1258 3.2 12
0.12584 3.2 12
0.12588 3.2 12.2
0.12592 3.2 12
0.12596 3.2 12
0.126 3.2 12
0.12604 3.2 11.8
0.12608 3.2 12
0.12612 3.2 11.8
0.12616 3.2 12
0.1262 3 12
0.12624 3 11.8
0.12628 3.2 12
0.12632 3.2 12
0.12636 3.2 12
0.1264 3.2 12
0.12644 3 12
0.12648 3.2 12
0.12652 3.2 12
0.12656 3.2 11.8
0.1266 3.2 12
0.12664 3 12
0.12668 3.2 12
0.12672 3.2 12
0.12676 3.2 12
0.1268 3.2 12
0.12684 3.2 12
0.12688 3.2 12
0.12692 3 12
0.12696 3 12
0.127 3.2 12
0.12704 3.2 12
0.12708 3.2 11.8
0.12712 3.2 12
0.12716 3.2 12
0.1272 3 12
0.12724 3 12
0.12728 3.2 12
0.12732 3.2 12
0.12736 3.2 12
0.1274 3.2 12
0.12744 3.2 12
0.12748 3.2 12
0.12752 3 11.8
0.12756 3.2 12
0.1276 3.2 12
0.12764 3.2 12
0.12768 3.2 12
0.12772 3.2 12
0.12776 3.2 12
0.1278 3.2 11.8
0.12784 3.2 12
0.12788 3.2 11.8
0.12792 3.2 12
0.12796 3.2 12
0.128 3.2 12.2
0.12804 3 12
0.12808 3.4 12
0.12812 3.2 12
0.12816 3.2 12
0.1282 3.2 12
0.12824 3.2 12
0.12828 3.2 12
0.12832 3.2 12
0.12836 3.2 12
0.1284 3.2 12
0.12844 3.2 12
0.12848 3.2 11.8
0.12852 3.2 12
0.12856 3.2 12
0.1286 3.2 12
0.12864 3 12
0.12868 3.2 12.2
0.12872 3 12
0.12876 3.2 11.8
0.1288 3.2 12
0.12884 3.2 12
0.12888 3 11.8
0.12892 3 12
0.12896 3.2 12
0.129 3.2 12
0.12904 3.2 12
0.12908 3.2 12
0.12912 3.2 12
0.12916 3.2 12
0.1292 3 12
0.12924 3.2 12
0.12928 3.2 12
0.12932 3.2 12
0.12936 3.2 12
0.1294 3.2 12
0.12944 3.2 12
0.12948 3.2 12
0.12952 3.2 12
0.12956 3.2 12
0.1296 3.2 11.8
0.12964 3.2 12
0.12968 3.2 12
0.12972 3.2 12
0.12976 3.2 12
0.1298 3.2 12
0.12984 3.2 12
0.12988 3.2 12
0.12992 3.2 12
0.12996 3.2 12
0.13 3.2 12
0.13004 3.2 12
0.13008 3.2 12
0.13012 3.2 11.8
0.13016 3.2 12
0.1302 3.2 12
0.13024 3 12
0.13028 3.2 12
0.13032 3.2 12
0.13036 3.2 12
0.1304 3.2 12
0.13044 3 12.2
0.13048 3.2 11.8
0.13052 3 11.8
0.13056 3.2 12
0.1306 3.2 12
0.13064 3 11.8
0.13068 3.2 12
0.13072 3.2 12.2
0.13076 3.2 11.8
0.1308 3.2 12
0.13084 3.2 12.2
0.13088 3.2 12
0.13092 3.2 12
0.13096 3.2 12
0.131 3.2 12
0.13104 3 12
0.13108 3.2 12
0.13112 3.2 11.8
0.13116 3.2 11.8
0.1312 3.2 12
0.13124 3.2 12
0.13128 3.2 12
0.13132 3.2 12
0.13136 3.2 12
0.1314 3.2 12
0.13144 3.2 12
0.13148 3.2 12
0.13152 3 11.8
0.13156 3.2 12
0.1316 3.2 12
0.13164 3.2 11.8
0.13168 3.2 12
0.13172 3.2 11.8
0.13176 3 12
0.1318 3.2 12
0.13184 3.2 12
0.13188 3.2 12
0.13192 3.2 12
0.13196 3.2 12
0.132 3.2 12
0.13204 3.2 12.2
0.13208 3.2 12
0.13212 3.2 12.2
0.13216 3.2 12
0.1322 3.2 12
0.13224 3.2 12
0.13228 3.2 12
0.13232 3.2 12
0.13236 3.2 11.8
0.1324 3 12
0.13244 3.2 12
0.13248 3.2 12.2
0.13252 3.2 12
0.13256 3.2 11.8
0.1326 3.2 12
0.13264 3.2 12
0.13268 3 12
0.13272 3.2 12
0.13276 3.2 12
0.1328 3.2 11.8
0.13284 3 12
0.13288 3.2 12
0.13292 3 11.8
0.13296 3.2 12
0.133 3.2 12
0.13304 3 12
0.13308 3.2 12
0.13312 3.2 12
0.13316 3 12
0.1332 3.2 12.2
0.13324 3 12
0.13328 3.2 11.8
0.13332 3.2 11.8
0.13336 3.2 12
0.1334 3.2 12
0.13344 3.2 12
0.13348 3.2 12
0.13352 3.2 11.8
0.13356 3 12
0.1336 3.2 12
0.13364 3.2 12
0.13368 3.2 12
0.13372 3.2 12
0.13376 3.2 12
0.1338 3.2 12
0.13384 3.2 12
0.13388 3 12
0.13392 3.2 12
0.13396 3.2 12
0.134 3.2 12
0.13404 3 12
0.13408 3.2 12
0.13412 3 12
0.13416 3.2 12
0.1342 3.2 12
0.13424 3.2 12
0.13428 3 12
0.13432 3.2 12
0.13436 3.2 12
0.1344 3.2 11.8
0.13444 3 12
0.13448 3.2 12
0.13452 3.2 12
0.13456 3.2 11.8
0.1346 3.2 12
0.13464 3.2 12
0.13468 3 11.8
0.13472 3.2 12
0.13476 3.2 12
0.1348 3.2 12
0.13484 3.2 12.2
0.13488 3 12
0.13492 3.2 12
0.13496 3.2 12
0.135 3 12
0.13504 3.2 12
0.13508 3.2 12
0.13512 3.2 12
0.13516 3.2 12
0.1352 3.2 11.8
0.13524 3.2 12
0.13528 3.2 12.2
0.13532 3 12
0.13536 3.2 12
0.1354 3.2 12
0.13544 3.2 12
0.13548 3.2 12.2
0.13552 3.2 12
0.13556 3.2 12
0.1356 3.2 12
0.13564 3.2 12
0.13568 3.2 12
0.13572 3 12
0.13576 3.2 12
0.1358 3.2 12
0.13584 3.2 12
0.13588 3 12
0.13592 3.2 12.2
0.13596 3 11.8
0.136 3.2 12.2
0.13604 3.2 12.2
0.13608 3 12
0.13612 3.2 12
0.13616 3.2 12
0.1362 3.2 11.8
0.13624 3 11.8
0.13628 3 12
0.13632 3.2 12
0.13636 3.2 12
0.1364 3.2 12
0.13644 3.2 12
0.13648 3.2 12
0.13652 3.2 12
0.13656 3.2 12
0.1366 3.2 12
0.13664 3.2 12
0.13668 3.2 12
0.13672 3.2 11.8
0.13676 3.2 12
0.1368 3.2 12
0.13684 3 12
0.13688 3.2 12
0.13692 3.2 12
0.13696 3.2 12
0.137 3.2 12
0.13704 3.2 12.2
0.13708 3 12
0.13712 3.2 12
0.13716 3.2 12
0.1372 3.2 12
0.13724 3.2 11.8
0.13728 3.2 12
0.13732 3.2 12
0.13736 3.2 11.8
0.1374 3.2 12
0.13744 3.2 12
0.13748 3.2 12
0.13752 3.2 12
0.13756 3.2 12
0.1376 3.2 12
0.13764 3.2 12
0.13768 3.2 12
0.13772 3.2 12
0.13776 3.2 12
0.1378 3.2 12
0.13784 3 12
0.13788 3.2 11.8
0.13792 3.2 12
0.13796 3.2 12
0.138 3.2 12
0.13804 3.2 12
0.13808 3.2 11.8
0.13812 3.2 12
0.13816 3 12
0.1382 3.2 12
0.13824 3.2 12
0.13828 3.2 12
0.13832 3.2 12
0.13836 3.2 12
0.1384 3 11.8
0.13844 3.2 12
0.13848 3.2 12
0.13852 3 12
0.13856 3 12
0.1386 3.2 12
0.13864 3 12
0.13868 3.2 12
0.13872 3.2 12
0.13876 3.2 12
0.1388 3.2 11.8
0.13884 3.2 12
0.13888 3.2 12
0.13892 3 11.8
0.13896 3.2 12.2
0.139 3.2 12
0.13904 3.2 11.8
0.13908 3.2 12
0.13912 3.2 12
0.13916 3.2 11.8
0.1392 3.2 12
0.13924 3.2 12
0.13928 3.2 12
0.13932 3 11.8
0.13936 3.2 12
0.1394 3.2 12
0.13944 3.2 12
0.13948 3 12
0.13952 3 12
0.13956 3.2 12
0.1396 3 12
0.13964 3.2 12
0.13968 3.2 12
0.13972 3.2 12
0.13976 3.2 12
0.1398 3.2 12
0.13984 3 12
0.13988 3.2 12
0.13992 3.2 12
0.13996 3.2 12
0.14 3.2 11.8
0.14004 3.2 12
0.14008 3 12
0.14012 3 12
0.14016 3.2 12
0.1402 3.2 12
0.14024 3.2 12
0.14028 3.2 12
0.14032 3.2 12
0.14036 3.2 12
0.1404 3.2 11.8
0.14044 3 12
0.14048 3.2 12
0.14052 3.2 12
0.14056 3.2 12
0.1406 3.2 12
0.14064 3.2 12
0.14068 3.2 12
0.14072 3.2 12
0.14076 3 12
0.1408 3 12
0.14084 3.2 12
0.14088 3.2 12.2
0.14092 3 12
0.14096 2.8 12
0.141 3.2 12
0.14104 3.2 11.8
0.14108 3.2 12.2
0.14112 3 12
0.14116 3.2 11.8
0.1412 3.2 12
0.14124 3.2 12
0.14128 3.2 11.8
0.14132 3.2 12
0.14136 3.2 12
0.1414 3.2 12
0.14144 3.2 12
0.14148 3.2 11.8
0.14152 3.2 12
0.14156 3 11.8
0.1416 3.2 12
0.14164 3.2 12
0.14168 3.2 12
0.14172 3.2 12
0.14176 3.2 11.8
0.1418 3.2 11.8
0.14184 3.2 12
0.14188 3.2 11.8
0.14192 3.2 12
0.14196 3.2 12
0.142 3.2 12
0.14204 3.2 12
0.14208 3.2 12
0.14212 3.2 12
0.14216 3.2 12
0.1422 3.2 11.8
0.14224 3.2 12
0.14228 3 12
0.14232 3.2 11.8
0.14236 3.2 11.8
0.1424 3.2 11.8
0.14244 3.2 12
0.14248 3.2 11.8
0.14252 3 11.8
0.14256 3.2 11.8
0.1426 3.2 12
0.14264 3.2 12
0.14268 3 12
0.14272 3 12
0.14276 3.2 12
0.1428 3.2 12
0.14284 3.2 12
0.14288 3.2 12
0.14292 3.2 12
0.14296 3 12
0.143 3.2 12
0.14304 3.2 12
0.14308 3.2 12
0.14312 3.2 12
0.14316 3.2 12
0.1432 3.2 11.8
0.14324 3.2 12
0.14328 3.2 12
0.14332 3.2 12
0.14336 3.2 11.8
0.1434 3.2 12
0.14344 3.2 12
0.14348 3.2 12
0.14352 3 12
0.14356 3.2 12
0.1436 3 11.8
0.14364 3 12
0.14368 3 11.8
0.14372 3.2 12
0.14376 3.2 11.8
0.1438 3.2 12
0.14384 3.2 11.8
0.14388 3.2 11.8
0.14392 3.2 12
0.14396 3.2 12
0.144 3.2 12
0.14404 3.2 12
0.14408 3.2 11.8
0.14412 3.2 12
0.14416 3 12
0.1442 3.2 11.8
0.14424 3.2 11.8
0.14428 3.2 12
0.14432 3.2 12
0.14436 3.2 12
0.1444 3 12
0.14444 3.2 12
0.14448 3.2 12
0.14452 3.2 12
0.14456 3.2 12
0.1446 3.2 12
0.14464 3.2 12
0.14468 3.2 11.8
0.14472 3.2 12
0.14476 3.2 12
0.1448 3.2 12
0.14484 3.2 11.8
0.14488 3.2 12
0.14492 3.2 12
0.14496 3.2 12
0.145 3 12.2
0.14504 3.2 12
0.14508 3.2 12
0.14512 3.2 12
0.14516 3.2 12
0.1452 3 12
0.14524 3.2 11.8
0.14528 3.2 12
0.14532 3 12
0.14536 3.2 11.8
0.1454 3.2 12
0.14544 3 12
0.14548 3.2 11.8
0.14552 3.2 12
0.14556 3.2 12
0.1456 3.2 11.8
0.14564 3.2 12
0.14568 3 11.8
0.14572 3.2 11.8
0.14576 3.2 11.8
0.1458 3.2 12
0.14584 3.2 12
0.14588 3 12
0.14592 3.2 11.8
0.14596 3.2 12
0.146 3.2 12
0.14604 3.2 12
0.14608 3.2 12
0.14612 3.2 12
0.14616 3.2 12
0.1462 3 12.2
0.14624 3.2 12
0.14628 3.2 12
0.14632 3.2 12
0.14636 3.2 12
0.1464 3.2 12
0.14644 3 11.8
0.14648 3.2 12.2
0.14652 3.2 12
0.14656 3.2 12
0.1466 3.2 12
0.14664 3.2 12
0.14668 3.2 12.2
0.14672 3.2 12.2
0.14676 3.2 12
0.1468 3.2 12
0.14684 3 12
0.14688 3.2 11.8
0.14692 3.2 12
0.14696 3.2 12.2
0.147 3.2 12
0.14704 3.2 12
0.14708 3.2 12
0.14712 3.2 12
0.14716 3 12
0.1472 3 12.2
0.14724 3.2 12
0.14728 3.2 12
0.14732 3.2 12.2
0.14736 3.2 12
0.1474 3.2 12
0.14744 3.2 12
0.14748 3.2 12
0.14752 3.2 12
0.14756 3.2 12
0.1476 3.2 12
0.14764 3.2 12
0.14768 3.2 12
0.14772 3.2 11.8
0.14776 3.2 12
0.1478 3.2 12
0.14784 3.2 12
0.14788 3.2 12
0.14792 3.2 12
0.14796 3.2 12
0.148 3.2 12
0.14804 3.2 12
0.14808 3.2 12.2
0.14812 3.2 11.8
0.14816 3.2 11.8
0.1482 3.2 12
0.14824 3.2 11.8
0.14828 3.2 12
0.14832 3.2 12
0.14836 3.2 12
0.1484 3.2 11.8
0.14844 3.2 12.2
0.14848 3.2 12.2
0.14852 3.2 12
0.14856 3.2 12
0.1486 3.2 12
0.14864 3.2 12
0.14868 3.2 11.8
0.14872 3.2 12
0.14876 3.2 12
0.1488 3.2 12
0.14884 3 12
0.14888 3.2 12
0.14892 3.2 12
0.14896 3.2 12
0.149 3.2 12
0.14904 3 12
0.14908 3.2 11.8
0.14912 3.2 12
0.14916 3.2 12
0.1492 3.2 12
0.14924 3.2 12
0.14928 3.2 12
0.14932 3 12
0.14936 3.2 12.2
0.1494 3.2 12
0.14944 3.2 12
0.14948 3.2 12
0.14952 3.2 11.8
0.14956 3.2 12
0.1496 3.2 12
0.14964 3.2 12
0.14968 3.2 12
0.14972 3.2 12
0.14976 3.2 12
0.1498 3.2 11.8
0.14984 3.2 12
0.14988 3.2 12
0.14992 3 12
0.14996 3 12
0.15 3.2 12
0.15004 3.2 11.8
0.15008 3.2 12
0.15012 3.2 12.2
0.15016 3.2 12
0.1502 3.2 12
0.15024 3.2 12
0.15028 3.2 12
0.15032 3.2 12
0.15036 3.2 12
0.1504 3.2 12
0.15044 3 12
0.15048 3.2 11.8
0.15052 3.2 12
0.15056 3 12
0.1506 3.2 12
0.15064 3.2 12
0.15068 3.2 12
0.15072 3 12
0.15076 3.2 12
0.1508 3.2 12
0.15084 3.2 12
0.15088 3.2 12
0.15092 3.2 11.8
0.15096 3.2 11.8
0.151 3.2 12
0.15104 3.2 12
0.15108 3.2 11.8
0.15112 3.2 12
0.15116 3.2 12
0.1512 3 12
0.15124 3.2 12.2
0.15128 3.2 12
0.15132 3.2 12
0.15136 3.2 12
0.1514 3.2 12
0.15144 3.2 12
0.15148 3 12
0.15152 3.2 12
0.15156 3.2 12
0.1516 3.2 12
0.15164 3.2 12
0.15168 3 12
0.15172 3.2 12
0.15176 3.2 12
0.1518 3.2 12
0.15184 3.2 11.8
0.15188 3.2 12
0.15192 3 12
0.15196 3.2 11.8
0.152 3 12.2
0.15204 3.2 11.8
0.15208 3.2 11.8
0.15212 3.2 12
0.15216 3.2 12
0.1522 3.2 12
0.15224 3.2 12
0.15228 3 12
0.15232 3.2 12
0.15236 3.2 12
0.1524 3.2 12
0.15244 3 12
0.15248 3.2 12
0.15252 3.2 12
0.15256 3.2 12
0.1526 3 12
0.15264 3.2 12
0.15268 3.2 11.8
0.15272 3 12
0.15276 3 11.8
0.1528 3.2 11.8
0.15284 3 11.8
0.15288 3.2 12
0.15292 3.2 11.8
0.15296 3.2 11.8
0.153 3.2 12
0.15304 3 12
0.15308 3.2 11.8
0.15312 3.2 12
0.15316 3 12
0.1532 3.2 11.8
0.15324 3.2 11.8
0.15328 3.2 12
0.15332 3.2 11.8
0.15336 3 12
0.1534 3 12
0.15344 3.2 11.8
0.15348 3 12
0.15352 3.2 12
0.15356 3 12
0.1536 3.2 12
0.15364 3.2 11.8
0.15368 3.2 12
0.15372 3 12
0.15376 3.2 12
0.1538 3.2 12
0.15384 3 11.8
0.15388 3 11.8
0.15392 3.2 12
0.15396 3 12
0.154 3.2 12
0.15404 3.2 12
0.15408 3.2 12
0.15412 3.2 12
0.15416 3.2 11.8
0.1542 3.2 12
0.15424 3.2 12
0.15428 3.2 12
0.15432 3.2 12
0.15436 3.2 11.8
0.1544 3 12
0.15444 3.2 12
0.15448 3 11.8
0.15452 3.2 12
0.15456 3.2 12
0.1546 3 12
0.15464 3 12
0.15468 3.2 11.8
0.15472 3 11.8
0.15476 3.2 12
0.1548 3 12
0.15484 3 12
0.15488 3 12
0.15492 3.2 11.8
0.15496 3.2 12
0.155 3 11.8
0.15504 3.2 11.8
0.15508 3.2 12
0.15512 3 11.8
0.15516 3.2 12.2
0.1552 3.2 11.8
0.15524 3.2 11.8
0.15528 3 12
0.15532 3.2 12
0.15536 3.2 12
0.1554 3.2 12
0.15544 3.2 12
0.15548 3 12
0.15552 3.2 12
0.15556 3.2 12
0.1556 3.2 12
0.15564 3 12
0.15568 3.2 12
0.15572 3.2 12
0.15576 3.2 11.8
0.1558 3.2 12
0.15584 3 12
0.15588 3.2 11.8
0.15592 3.2 12
0.15596 3.2 12
0.156 3.2 11.8
0.15604 3.2 11.8
0.15608 3.2 11.8
0.15612 3.2 12
0.15616 3 11.8
0.1562 3.2 12
0.15624 3.2 12.2
0.15628 3 12
0.15632 3.2 12
0.15636 3.2 12
0.1564 3.2 12
0.15644 3.2 12
0.15648 3.2 12
0.15652 3.2 11.8
0.15656 3.2 11.8
0.1566 3.2 11.8
0.15664 3.2 11.8
0.15668 3.2 12
0.15672 3 12
0.15676 3.2 12
0.1568 3.2 11.8
0.15684 3.2 12
0.15688 3.2 12
0.15692 3 12
0.15696 3.2 12
0.157 3.2 12
0.15704 3.2 12
0.15708 3.2 12
0.15712 3.2 12
0.15716 3.2 11.8
0.1572 3.2 12
0.15724 3.2 12
0.15728 3.2 12
0.15732 3.2 12
0.15736 3.2 12
0.1574 3.2 12
0.15744 3.2 11.8
0.15748 3.2 12
0.15752 3.2 12
0.15756 3 12
0.1576 3.2 12.2
0.15764 3.2 11.8
0.15768 3.2 11.8
0.15772 3.2 12
0.15776 3 12
0.1578 3 12
0.15784 3.2 12
0.15788 3.2 12
0.15792 3.2 12
0.15796 3.2 12
0.158 3.2 12.2
0.15804 3 12
0.15808 3.2 12
0.15812 3.2 12
0.15816 3.2 12
0.1582 3.2 12
0.15824 3.2 12
0.15828 3.2 12
0.15832 3 11.8
0.15836 3 12
0.1584 3.2 12
0.15844 3 12
0.15848 3.2 12
0.15852 3.2 12
0.15856 3.2 11.8
0.1586 3 12
0.15864 3.2 12
0.15868 3 11.8
0.15872 3 12
0.15876 3.2 12
0.1588 3.2 11.8
0.15884 3.2 11.8
0.15888 3 12
0.15892 3.2 11.8
0.15896 3.2 12
0.159 3.2 12
0.15904 3.2 12
0.15908 3.2 11.8
0.15912 3.2 12
0.15916 3.2 12
0.1592 3.2 12
0.15924 3 12
0.15928 3.2 12
0.15932 3 12
0.15936 3.2 11.8
0.1594 3.2 12
0.15944 3.2 12
0.15948 3 12
0.15952 3 12
0.15956 3.2 12
0.1596 3 12
0.15964 3.2 12
0.15968 3.2 12
0.15972 3 12
0.15976 3.2 12
0.1598 3.2 12
0.15984 3.2 12
0.15988 3.2 11.8
0.15992 3.2 12
0.15996 3 11.8
